[{"id": 0, "img_name": "0001", "width": 800, "height": 800, "position": [-0.9912415742874144, 0.28101003170013433, 3.2236797809600835], "rotation": [[-0.2727447748184204, -0.8854063153266905, 0.3763854205608368], [-0.9620864391326904, 0.2510064840316772, -0.10670262575149538], [-0.0, -0.3912178874015808, -0.9202980995178223]], "fy": 1111.1110311937682, "fx": 1111.1110311937682}, {"id": 1, "img_name": "0002", "width": 800, "height": 800, "position": [-0.06632238626480104, -0.8753703236579894, 3.261781930923462], "rotation": [[0.9971421957015992, -0.07115927338600157, 0.025375619530677795], [-0.07554841786623002, -0.9392110109329223, 0.33492559194564814], [-1.8626451456347345e-09, -0.3358855247497558, -0.9419028162956238]], "fy": 1111.1110311937682, "fx": 1111.1110311937682}, {"id": 2, "img_name": "0003", "width": 800, "height": 800, "position": [0.16915021836757657, 1.924618005752563, 2.8407425880432124], "rotation": [[-0.9961601495742797, 0.06357750296592711, -0.06019086763262748], [0.08755020052194597, 0.7233949303627014, -0.6848612427711488], [-5.038909254119371e-18, -0.6875011324882507, -0.7261833548545837]], "fy": 1111.1110311937682, "fx": 1111.1110311937682}, {"id": 3, "img_name": "0004", "width": 800, "height": 800, "position": [2.289324760437012, 2.229741811752319, 0.9320473074913025], "rotation": [[-0.697723090648651, 0.029574915766716003, -0.7157568335533143], [0.7163676023483275, 0.028805186972022053, -0.6971282362937926], [-2.4832805287448372e-18, -0.9991474747657775, -0.041284553706645966]], "fy": 1111.1110311937682, "fx": 1111.1110311937682}, {"id": 4, "img_name": "0005", "width": 800, "height": 800, "position": [-0.7742034792900084, 2.7724311351776123, 1.9183516502380369], "rotation": [[-0.9631511569023132, -0.09740320593118666, 0.2507039308547973], [-0.2689606845378876, 0.3488019108772278, -0.897773504257202], [7.450581493840117e-09, -0.9321210980415344, -0.36214661598205566]], "fy": 1111.1110311937682, "fx": 1111.1110311937682}, {"id": 5, "img_name": "0006", "width": 800, "height": 800, "position": [-1.1628406047821047, 2.324185848236083, 2.2936587333679204], "rotation": [[-0.8943121433258057, -0.22296129167079928, 0.38793575763702404], [-0.4474437534809113, 0.4456358850002289, -0.7753726840019227], [-2.4064212648939576e-17, -0.8670046329498292, -0.4983001649379731]], "fy": 1111.1110311937682, "fx": 1111.1110311937682}, {"id": 6, "img_name": "0007", "width": 800, "height": 800, "position": [-0.1095300242304802, -0.743001878261566, 3.288495540618896], "rotation": [[0.9893083572387694, -0.13961941003799438, 0.04213734716176986], [-0.14583940804004666, -0.9471146464347839, 0.2858406007289886], [6.642952255383212e-18, -0.28892961144447327, -0.9573503136634826]], "fy": 1111.1110311937682, "fx": 1111.1110311937682}, {"id": 7, "img_name": "0008", "width": 800, "height": 800, "position": [-2.2251248359680167, 0.5267087817192075, 2.590892314910889], "rotation": [[-0.23034441471099845, -0.6000195145606996, 0.7661057710647583], [-0.9731091260910031, 0.14203047752380368, -0.18134471774101252], [7.4505797288903616e-09, -0.7872762680053712, -0.6166004538536073]], "fy": 1111.1110311937682, "fx": 1111.1110311937682}, {"id": 8, "img_name": "0009", "width": 800, "height": 800, "position": [-1.2458418607711792, -0.599715292453766, 3.1086926460266113], "rotation": [[0.43373662233352667, -0.773010730743408, 0.46295458078384394], [-0.9010397195816042, -0.3721068799495697, 0.2228540778160096], [-1.4901161186018703e-08, -0.5138004422187806, -0.8579097390174867]], "fy": 1111.1110311937682, "fx": 1111.1110311937682}, {"id": 9, "img_name": "0010", "width": 800, "height": 800, "position": [1.1215932369232178, -0.34597647190093994, 3.181573390960694], "rotation": [[0.2947635352611542, 0.8571275472640991, -0.42242956161499023], [0.9555702209472656, -0.2643970549106598, 0.13030631840229034], [2.37900712945684e-17, -0.4420706629753113, -0.8969802856445314]], "fy": 1111.1110311937682, "fx": 1111.1110311937682}, {"id": 10, "img_name": "0011", "width": 800, "height": 800, "position": [2.640217065811157, -0.4254731237888336, 2.205868244171143], "rotation": [[0.15909820795059207, 0.4593924880027771, -0.8738686442375182], [0.9872628450393676, -0.07403147220611571, 0.14082464575767517], [7.450580601877991e-09, -0.8851428627967833, -0.4653193950653077]], "fy": 1111.1110311937682, "fx": 1111.1110311937682}, {"id": 11, "img_name": "0012", "width": 800, "height": 800, "position": [0.16625724732875824, -2.9341647624969482, 1.8128888607025146], "rotation": [[0.9983985424041748, 0.018433503806591034, -0.05348434299230577], [0.05657179653644562, -0.3253207802772522, 0.9439100027084352], [-0.0, -0.9454240798950196, -0.32584261894226074]], "fy": 1111.1110311937682, "fx": 1111.1110311937682}, {"id": 12, "img_name": "0013", "width": 800, "height": 800, "position": [-2.3954179286956787, -1.9025548696517944, 1.5514283180236816], "rotation": [[0.6219445466995239, -0.18679930269718173, 0.760454535484314], [-0.7830613851547241, -0.14836487174034116, 0.6039891242980957], [-7.450580597011865e-09, -0.9711302518844603, -0.23855003714561462]], "fy": 1111.1110311937682, "fx": 1111.1110311937682}, {"id": 13, "img_name": "0014", "width": 800, "height": 800, "position": [0.2285611629486084, -0.050724484026432044, 3.353139400482178], "rotation": [[0.21665824949741364, 0.9721685647964479, -0.08914759010076523], [0.9762476086616516, -0.21575298905372617, 0.019784487783908844], [-1.8626453694643706e-09, -0.09131692349910736, -0.9958219528198242]], "fy": 1111.1110311937682, "fx": 1111.1110311937682}, {"id": 14, "img_name": "0015", "width": 800, "height": 800, "position": [-0.25241100788116455, 0.2992364466190338, 3.3407711982727055], "rotation": [[-0.7643793821334839, -0.6372471451759338, 0.09818561375141144], [-0.6447668671607971, 0.7554645538330078, -0.11640029400587083], [-0.0, -0.15228068828582764, -0.9883372187614441]], "fy": 1111.1110311937682, "fx": 1111.1110311937682}, {"id": 15, "img_name": "0016", "width": 800, "height": 800, "position": [2.9705677032470703, 0.41295114159584034, 1.6927080154418943], "rotation": [[-0.13769015669822693, 0.2825683057308197, -0.9493137001991271], [0.9904754161834717, 0.03928100690245627, -0.1319680958986282], [6.587187754975906e-18, -0.9584425687789917, -0.28528553247451777]], "fy": 1111.1110311937682, "fx": 1111.1110311937682}, {"id": 16, "img_name": "0017", "width": 800, "height": 800, "position": [-1.1373317241668701, -2.4676692485809317, 2.152233362197876], "rotation": [[0.9081823229789734, -0.186492308974266, 0.37473401427268976], [-0.4185749590396881, -0.4046324491500854, 0.8130605816841124], [-1.490116297840145e-08, -0.8952615261077882, -0.44554093480110163]], "fy": 1111.1110311937682, "fx": 1111.1110311937682}, {"id": 17, "img_name": "0018", "width": 800, "height": 800, "position": [1.380662083625793, 2.801591157913208, 1.3570551872253418], "rotation": [[-0.8969908952713012, 0.07761617004871368, -0.4351818561553955], [0.4420492947101593, 0.15749600529670718, -0.8830557465553286], [1.3662192280139247e-17, -0.9844647049903869, -0.1755826473236084]], "fy": 1111.1110311937682, "fx": 1111.1110311937682}, {"id": 18, "img_name": "0019", "width": 800, "height": 800, "position": [-2.443827390670777, 1.646503686904907, 1.7981534004211426], "rotation": [[-0.5587546229362488, -0.2660713195800782, 0.7854930758476255], [-0.8293330669403076, 0.17926281690597531, -0.5292178988456726], [-0.0, -0.9471383094787598, -0.3208256661891937]], "fy": 1111.1110311937682, "fx": 1111.1110311937682}, {"id": 19, "img_name": "0020", "width": 800, "height": 800, "position": [-1.5144757032394407, -2.558984518051147, 1.745883703231811], "rotation": [[0.8605804443359376, -0.15438932180404666, 0.48535072803497314], [-0.5093145966529847, -0.2608690559864044, 0.8200890421867371], [2.6449639408142444e-17, -0.9529486894607544, -0.3031315207481384]], "fy": 1111.1110311937682, "fx": 1111.1110311937682}, {"id": 20, "img_name": "0021", "width": 800, "height": 800, "position": [2.385685682296753, -0.6412343382835386, 2.427232980728149], "rotation": [[0.25957125425338745, 0.5312325954437256, -0.8064829111099245], [0.9657240509986879, -0.14278686046600342, 0.21676976978778836], [7.450581505260997e-09, -0.8351070880889893, -0.5500873923301696]], "fy": 1111.1110311937682, "fx": 1111.1110311937682}, {"id": 21, "img_name": "0022", "width": 800, "height": 800, "position": [-0.9044055938720708, 0.4617826044559478, 3.2276813983917236], "rotation": [[-0.45474472641944874, -0.8216379284858703, 0.34368351101875305], [-0.8906218409538268, 0.419522076845169, -0.17548218369483948], [-0.0, -0.3858916759490967, -0.9225441217422486]], "fy": 1111.1110311937682, "fx": 1111.1110311937682}, {"id": 22, "img_name": "0023", "width": 800, "height": 800, "position": [0.633830964565277, 2.628668785095215, 2.168995857238769], "rotation": [[-0.9721391797065736, 0.10587900876998903, -0.20912943780422205], [0.2344045639038086, 0.4391089081764222, -0.8673164248466492], [-7.450581513354375e-09, -0.8921731710433961, -0.4516935050487518]], "fy": 1111.1110311937682, "fx": 1111.1110311937682}, {"id": 23, "img_name": "0024", "width": 800, "height": 800, "position": [1.0168515443801884, -0.9920811653137207, 3.093893051147461], "rotation": [[0.6983349919319153, 0.608522891998291, -0.3768661618232728], [0.7157710790634155, -0.5936993956565856, 0.3676857650279998], [-0.0, -0.5265178084373474, -0.8501641154289243]], "fy": 1111.1110311937682, "fx": 1111.1110311937682}, {"id": 24, "img_name": "0025", "width": 800, "height": 800, "position": [-0.052077550441026695, -3.059584379196167, 1.5488584041595461], "rotation": [[0.9998552799224856, -0.004045472946017982, 0.016530843451619155], [-0.017018657177686698, -0.23767374455928808, 0.9711959958076477], [1.6850003051877494e-18, -0.9713365435600282, -0.23770819604396826]], "fy": 1111.1110311937682, "fx": 1111.1110311937682}, {"id": 25, "img_name": "0026", "width": 800, "height": 800, "position": [1.8170217275619502, 2.451892614364624, 1.5701037645339966], "rotation": [[-0.8034310340881349, 0.14567950367927548, -0.577300727367401], [0.5953978896141051, 0.19658020138740537, -0.7790107131004331], [-2.6911942380692206e-17, -0.9696049094200134, -0.24467591941356656]], "fy": 1111.1110311937682, "fx": 1111.1110311937682}, {"id": 26, "img_name": "0027", "width": 800, "height": 800, "position": [1.7783111333847041, 1.527677297592163, 2.5424237251281734], "rotation": [[-0.6516295671463012, 0.4524801671504975, -0.6088026165962219], [0.7585372924804688, 0.38870793581008906, -0.5229983925819397], [1.4901159379757881e-08, -0.8026007413864136, -0.5965166091918944]], "fy": 1111.1110311937682, "fx": 1111.1110311937682}, {"id": 27, "img_name": "0028", "width": 800, "height": 800, "position": [-2.517602205276489, -0.7852477431297302, 2.249980211257935], "rotation": [[0.2977557778358459, -0.4599403142929077, 0.8365383744239805], [-0.9546421766281128, -0.1434567719697952, 0.26091885566711426], [-4.643721007329004e-17, -0.8762847781181335, -0.4817934036254884]], "fy": 1111.1110311937682, "fx": 1111.1110311937682}, {"id": 28, "img_name": "0029", "width": 800, "height": 800, "position": [-3.010348081588745, -0.7544361352920532, 1.424118995666504], "rotation": [[0.24309638142585757, -0.19124357402324674, 0.9509626626968384], [-0.9700021743774414, -0.04792836681008338, 0.23832480609416962], [6.598629239735301e-18, -0.9803717136383056, -0.19715788960456845]], "fy": 1111.1110311937682, "fx": 1111.1110311937682}, {"id": 29, "img_name": "0030", "width": 800, "height": 800, "position": [2.070510387420654, 0.1600502729415894, 2.747695684432983], "rotation": [[-0.07706999778747557, 0.6820562481880188, -0.72722727060318], [0.9970257282257081, 0.05272288993000985, -0.0562146045267582], [5.046152918016265e-18, -0.7293967008590697, -0.6840909719467162]], "fy": 1111.1110311937682, "fx": 1111.1110311937682}, {"id": 30, "img_name": "0031", "width": 800, "height": 800, "position": [2.755192041397095, 1.4570659399032595, 1.3801383972167969], "rotation": [[-0.4674954414367675, 0.16176471114158628, -0.8690686225891112], [0.8839954733848573, 0.08554825186729431, -0.4596014618873597], [7.450580590690843e-09, -0.9831142425537108, -0.18299271166324613]], "fy": 1111.1110311937682, "fx": 1111.1110311937682}, {"id": 31, "img_name": "0032", "width": 800, "height": 800, "position": [2.1362092494964595, 1.0106133222579958, 2.5260863304138184], "rotation": [[-0.427645593881607, 0.5331683158874512, -0.7299663424491882], [0.9039465188980103, 0.2522351145744324, -0.34533777832984924], [-1.490116121223648e-08, -0.8075327277183532, -0.5898228287696838]], "fy": 1111.1110311937682, "fx": 1111.1110311937682}, {"id": 32, "img_name": "0033", "width": 800, "height": 800, "position": [1.6147800683975226, 0.29685527086257935, 2.997360229492188], "rotation": [[-0.1808064877986908, 0.7878774404525757, -0.5886920094490052], [0.9835187792778014, 0.14484049379825592, -0.10822298377752304], [-7.450580578058829e-09, -0.5985569953918458, -0.8010802268981935]], "fy": 1111.1110311937682, "fx": 1111.1110311937682}, {"id": 33, "img_name": "0034", "width": 800, "height": 800, "position": [3.0513713359832764, 0.9638539552688598, 0.8087011575698853], "rotation": [[-0.3012061417102813, 0.002592835575342178, -0.9535555243492128], [0.9535591602325438, 0.000819013628643006, -0.3012049794197082], [-1.0338470925339588e-19, -0.9999963045120239, -0.002719113836064935]], "fy": 1111.1110311937682, "fx": 1111.1110311937682}, {"id": 34, "img_name": "0035", "width": 800, "height": 800, "position": [0.159876897931099, -0.2965244352817536, 3.3457746505737305], "rotation": [[0.8802109360694885, 0.47048139572143555, -0.06225814670324326], [0.4745827913284302, -0.8726040720939634, 0.11547047644853596], [-3.7252902807707157e-09, -0.13118518888950345, -0.9913578629493712]], "fy": 1111.1110311937682, "fx": 1111.1110311937682}, {"id": 35, "img_name": "0036", "width": 800, "height": 800, "position": [-0.721699297428131, -1.5852110385894775, 2.947557687759399], "rotation": [[0.9101178050041199, -0.3218115866184235, 0.2610034942626953], [-0.4143494963645935, -0.7068584561347963, 0.5732936263084412], [-0.0, -0.6299114227294922, -0.7766670584678649]], "fy": 1111.1110311937682, "fx": 1111.1110311937682}, {"id": 36, "img_name": "0037", "width": 800, "height": 800, "position": [-0.8833349347114559, -1.06060779094696, 3.10960865020752], "rotation": [[0.7684011459350586, -0.5493432879447937, 0.32830104231834406], [-0.6399684548377991, -0.6595888137817382, 0.3941864371299743], [1.4901161236075538e-08, -0.5129956007003784, -0.8583912253379822]], "fy": 1111.1110311937682, "fx": 1111.1110311937682}, {"id": 37, "img_name": "0038", "width": 800, "height": 800, "position": [0.5266930460929871, 2.043403387069703, 2.7245111465454093], "rotation": [[-0.9683502912521362, 0.16819016635417935, -0.18441733717918396], [0.24959504604339594, 0.6525250077247619, -0.7154812812805177], [1.4901161203893017e-08, -0.7388661503791809, -0.6738521456718444]], "fy": 1111.1110311937682, "fx": 1111.1110311937682}, {"id": 38, "img_name": "0039", "width": 800, "height": 800, "position": [2.146888256072998, -0.5713063478469846, 2.642516851425171], "rotation": [[0.25715950131416315, 0.6169100403785707, -0.7438353896141053], [0.9663689732551574, -0.1641653329133987, 0.1979413032531738], [-7.450579711601942e-09, -0.7697219252586365, -0.6383793950080873]], "fy": 1111.1110311937682, "fx": 1111.1110311937682}, {"id": 39, "img_name": "0040", "width": 800, "height": 800, "position": [-2.329500913619996, 2.1596009731292716, 1.1093729734420776], "rotation": [[-0.6798580288887023, -0.0710861012339592, 0.7298902273178103], [-0.7333437800407409, 0.0659015029668808, -0.6766563653945922], [-0.0, -0.9952908158302307, -0.09693419933319092]], "fy": 1111.1110311937682, "fx": 1111.1110311937682}, {"id": 40, "img_name": "0041", "width": 800, "height": 800, "position": [-0.320612072944641, -0.3847238123416901, 3.328455209732055], "rotation": [[0.7682125568389893, -0.6279951333999634, 0.12438517808914182], [-0.6401949524879456, -0.7535732388496399, 0.14925807714462283], [-7.450580600104703e-09, -0.19429239630699152, -0.9809436202049255]], "fy": 1111.1110311937682, "fx": 1111.1110311937682}, {"id": 41, "img_name": "0042", "width": 800, "height": 800, "position": [-2.9309289455413823, -0.7241732478141785, 1.6486146450042722], "rotation": [[0.23986649513244632, -0.2626984417438507, 0.9345873594284059], [-0.9708058834075927, -0.06490746885538101, 0.2309176325798035], [-3.7252902813303906e-09, -0.962692379951477, -0.2705983221530914]], "fy": 1111.1110311937682, "fx": 1111.1110311937682}, {"id": 42, "img_name": "0043", "width": 800, "height": 800, "position": [0.7001542448997494, -0.4534196853637695, 3.2714946269989014], "rotation": [[0.5435712933540345, 0.7952880263328551, -0.2684161365032196], [0.8393630385398866, -0.5150283575057983, 0.17382621765136716], [-0.0, -0.31978553533554077, -0.9474898576736451]], "fy": 1111.1110311937682, "fx": 1111.1110311937682}, {"id": 43, "img_name": "0044", "width": 800, "height": 800, "position": [-0.032949380576610565, 0.23821225762367243, 3.352761030197143], "rotation": [[-0.9905689954757689, -0.1364109814167023, 0.012850455939769745], [-0.1370149403810501, 0.9862026572227478, -0.0929042100906372], [9.313225763523343e-10, -0.09378881752490997, -0.9955921769142151]], "fy": 1111.1110311937682, "fx": 1111.1110311937682}, {"id": 44, "img_name": "0045", "width": 800, "height": 800, "position": [1.4362053871154783, -1.2146974802017212, 2.8710305690765376], "rotation": [[0.645770788192749, 0.5652052164077757, -0.5133450031280519], [0.7635313272476197, -0.4780328571796417, 0.4341711103916169], [8.218443049853255e-17, -0.6723300218582154, -0.7402515411376952]], "fy": 1111.1110311937682, "fx": 1111.1110311937682}, {"id": 45, "img_name": "0046", "width": 800, "height": 800, "position": [-0.8115626573562627, 1.090197801589966, 3.1176314353942876], "rotation": [[-0.802144169807434, -0.5150953531265259, 0.30206203460693365], [-0.5971304178237916, 0.6919439435005188, -0.40576949715614324], [-1.49011612071675e-08, -0.5058560371398926, -0.8626179099082948]], "fy": 1111.1110311937682, "fx": 1111.1110311937682}, {"id": 46, "img_name": "0047", "width": 800, "height": 800, "position": [-2.2514169216155993, -0.7028257250785828, 2.5301392078399663], "rotation": [[0.2979883551597595, -0.5646086931228639, 0.7696882486343384], [-0.9545695185661317, -0.17625410854816437, 0.2402738928794861], [-0.0, -0.8063197135925294, -0.5914798974990845]], "fy": 1111.1110311937682, "fx": 1111.1110311937682}, {"id": 47, "img_name": "0048", "width": 800, "height": 800, "position": [1.5148710012435915, 0.6769439578056338, 2.9889781475067148], "rotation": [[-0.40798363089561457, 0.7275882959365845, -0.5515111088752748], [0.9129892587661744, 0.32513430714607233, -0.24645143747329717], [-4.038926560364149e-17, -0.604071855545044, -0.7969297766685487]], "fy": 1111.1110311937682, "fx": 1111.1110311937682}, {"id": 48, "img_name": "0049", "width": 800, "height": 800, "position": [-3.1831095218658447, 0.04927272722125053, 1.0597060918807986], "rotation": [[-0.015477577224373817, -0.08129917830228807, 0.9965695738792419], [-0.9998801946640015, 0.0012584652286022902, -0.015426331199705599], [-1.1641530811719475e-10, -0.9966890215873718, -0.08130891621112823]], "fy": 1111.1110311937682, "fx": 1111.1110311937682}, {"id": 49, "img_name": "0050", "width": 800, "height": 800, "position": [-0.0018083989853039384, -0.04437611252069473, 3.3597536087036133], "rotation": [[0.9991707205772401, -0.04071170836687088, 0.0007063675438985231], [-0.04071784019470215, -0.9990202784538268, 0.017333477735519413], [2.1680781256169333e-19, -0.017351036891341206, -0.9998495578765869]], "fy": 1111.1110311937682, "fx": 1111.1110311937682}, {"id": 50, "img_name": "0051", "width": 800, "height": 800, "position": [1.0650006532669072, -0.14574019610881805, 3.211244821548462], "rotation": [[0.13558156788349154, 0.9049187302589419, -0.40341025590896623], [0.9907662272453308, -0.12383375316858292, 0.05520474538207055], [-0.0, -0.40716984868049627, -0.9133524298667907]], "fy": 1111.1110311937682, "fx": 1111.1110311937682}, {"id": 51, "img_name": "0052", "width": 800, "height": 800, "position": [1.5101647377014153, 1.3679382801055906, 2.7739338874816895], "rotation": [[-0.6713446974754333, 0.5156853795051577, -0.532320439815521], [0.7411453127861023, 0.46711847186088573, -0.48218682408332825], [1.4901159298287256e-08, -0.7182402014732362, -0.695795238018036]], "fy": 1111.1110311937682, "fx": 1111.1110311937682}, {"id": 52, "img_name": "0053", "width": 800, "height": 800, "position": [2.0835597515106206, -1.2563147544860838, 2.4628560543060307], "rotation": [[0.516361892223358, 0.4832150638103485, -0.7070173621177673], [0.8563704490661621, -0.2913620471954346, 0.4263071119785309], [-1.490116117935243e-08, -0.8255975842475891, -0.5642593502998353]], "fy": 1111.1110311937682, "fx": 1111.1110311937682}, {"id": 53, "img_name": "0054", "width": 800, "height": 800, "position": [-0.8235622644424437, -0.5251187086105347, 3.2378346920013428], "rotation": [[0.5376285314559938, -0.7826976776123047, 0.31359198689460754], [-0.8431818485260011, -0.4990626871585846, 0.1999521255493164], [-1.4901161167712881e-08, -0.3719150722026825, -0.9282667636871339]], "fy": 1111.1110311937682, "fx": 1111.1110311937682}, {"id": 54, "img_name": "0055", "width": 800, "height": 800, "position": [-1.1466333866119385, 0.24935863912105555, 3.1816704273223873], "rotation": [[-0.21250328421592712, -0.8765454292297363, 0.4318684935569763], [-0.9771603345870968, 0.19062255322933191, -0.09391854703426358], [-1.2164511770301152e-17, -0.4419627785682679, -0.897033393383026]], "fy": 1111.1110311937682, "fx": 1111.1110311937682}, {"id": 55, "img_name": "0056", "width": 800, "height": 800, "position": [-1.648550391197205, -0.4517240524291993, 2.96417784690857], "rotation": [[0.2642713189125061, -0.756850004196167, 0.5977782011032104], [-0.9644484519958496, -0.20738667249679563, 0.1637989431619644], [-0.0, -0.6198136210441589, -0.7847490906715393]], "fy": 1111.1110311937682, "fx": 1111.1110311937682}, {"id": 56, "img_name": "0057", "width": 800, "height": 800, "position": [-2.6892859935760502, -1.4951521158218386, 1.503026843070984], "rotation": [[0.48591721057891846, -0.1946761906147003, 0.8520479202270506], [-0.8740049600601195, -0.10823337733745575, 0.4737098515033723], [-7.450581496726883e-09, -0.9748777747154235, -0.2227403819561005]], "fy": 1111.1110311937682, "fx": 1111.1110311937682}, {"id": 57, "img_name": "0058", "width": 800, "height": 800, "position": [-0.21223850548267373, -1.2970244884490967, 3.134120225906372], "rotation": [[0.9868748784065249, -0.14071395993232733, 0.07923190295696261], [-0.16148719191551214, -0.8599262237548828, 0.484199196100235], [7.45058056604625e-09, -0.4906389117240906, -0.8713630437850951]], "fy": 1111.1110311937682, "fx": 1111.1110311937682}, {"id": 58, "img_name": "0059", "width": 800, "height": 800, "position": [0.5348716378211974, -1.4072875976562498, 3.058984518051147], "rotation": [[0.9347610473632812, 0.29563772678375244, -0.19702841341495508], [0.3552771806716919, -0.7778451442718506, 0.5183966159820556], [-0.0, -0.5545766949653624, -0.8321326375007628]], "fy": 1111.1110311937682, "fx": 1111.1110311937682}, {"id": 59, "img_name": "0060", "width": 800, "height": 800, "position": [1.115233659744263, -0.038643199950456605, 3.1993014812469482], "rotation": [[0.03462953865528107, 0.9061846733093263, -0.4214618802070618], [0.9994003176689148, -0.03139958530664445, 0.014603788033127781], [-0.0, -0.4217148125171662, -0.906728506088257]], "fy": 1111.1110311937682, "fx": 1111.1110311937682}, {"id": 60, "img_name": "0061", "width": 800, "height": 800, "position": [2.5479419231414795, -1.2384804487228394, 1.990403890609741], "rotation": [[0.4371634721755981, 0.34840613603591924, -0.8291569352149964], [0.8993821144104002, -0.16935008764266968, 0.403029054403305], [-4.602746371240558e-17, -0.9219185709953308, -0.3873839080333709]], "fy": 1111.1110311937682, "fx": 1111.1110311937682}, {"id": 61, "img_name": "0062", "width": 800, "height": 800, "position": [-2.8969442844390874, 1.0401023626327517, 1.500126123428345], "rotation": [[-0.33791473507881165, -0.20874907076358798, 0.9177349209785461], [-0.9411767721176147, 0.07494807243347171, -0.3294983208179474], [7.450581485960034e-09, -0.9750930666923524, -0.2217958420515061]], "fy": 1111.1110311937682, "fx": 1111.1110311937682}, {"id": 62, "img_name": "0063", "width": 800, "height": 800, "position": [2.3095538616180424, -0.34858736395835876, 2.549870491027832], "rotation": [[0.14924241602420807, 0.592865288257599, -0.791351616382599], [0.9888007044792175, -0.08948279917240141, 0.11944089084863663], [-0.0, -0.8003146052360535, -0.5995802283287047]], "fy": 1111.1110311937682, "fx": 1111.1110311937682}, {"id": 63, "img_name": "0064", "width": 800, "height": 800, "position": [-2.6749095916748047, 1.5877501964569092, 1.400750517845154], "rotation": [[-0.5104252696037294, -0.16306149959564206, 0.8443204164505003], [-0.8599221110343935, 0.09678866714239122, -0.5011645555496216], [-7.450580597971801e-09, -0.9818568825721743, -0.18962357938289645]], "fy": 1111.1110311937682, "fx": 1111.1110311937682}, {"id": 64, "img_name": "0065", "width": 800, "height": 800, "position": [1.1540180444717407, 0.5502211451530457, 3.1468105316162105], "rotation": [[-0.43037268519401545, 0.7926610112190248, -0.4318192899227142], [0.9026513099670408, 0.3779307007789611, -0.20588596165180204], [2.2000763143539533e-17, -0.4783898890018463, -0.8781475424766542]], "fy": 1111.1110311937682, "fx": 1111.1110311937682}, {"id": 65, "img_name": "0066", "width": 800, "height": 800, "position": [-2.838694572448731, -1.44175660610199, 1.05693781375885], "rotation": [[0.45283550024032587, -0.07171897590160371, 0.8887049555778502], [-0.891594111919403, -0.036425657570362105, 0.45136812329292303], [3.725290299523274e-09, -0.9967594742774966, -0.0804390534758568]], "fy": 1111.1110311937682, "fx": 1111.1110311937682}, {"id": 66, "img_name": "0067", "width": 800, "height": 800, "position": [0.06084783747792243, 1.161362648010254, 3.184957504272461], "rotation": [[-0.9986303448677063, 0.04702852293848991, -0.02293209731578827], [0.05232172459363936, 0.8976024389266967, -0.43768984079360956], [3.118455192893276e-18, -0.4382901489734649, -0.8988335132598877]], "fy": 1111.1110311937682, "fx": 1111.1110311937682}, {"id": 67, "img_name": "0068", "width": 800, "height": 800, "position": [-0.7277820706367494, -1.6600385904312132, 2.909726858139038], "rotation": [[0.9158501029014589, -0.30455514788627625, 0.26165768504142767], [-0.4015203118324281, -0.6946768164634703, 0.5968295931816101], [-4.2105481721141686e-17, -0.6516672968864441, -0.7585049271583557]], "fy": 1111.1110311937682, "fx": 1111.1110311937682}, {"id": 68, "img_name": "0069", "width": 800, "height": 800, "position": [2.5964932441711426, -1.6530704498291016, 1.4999799728393555], "rotation": [[0.5370504856109619, 0.1870557814836502, -0.8225489854812622], [0.8435501456260681, -0.11909001320600507, 0.5236799716949463], [-7.450581504084572e-09, -0.9751039147377014, -0.2217482477426529]], "fy": 1111.1110311937682, "fx": 1111.1110311937682}, {"id": 69, "img_name": "0070", "width": 800, "height": 800, "position": [0.9793637394905093, -1.9599113464355478, 2.6658351421356206], "rotation": [[0.8945353031158448, 0.28981268405914307, -0.3403165638446809], [0.44699752330780024, -0.5799756050109864, 0.6810444593429567], [1.490116297285645e-08, -0.7613388299942017, -0.648354172706604]], "fy": 1111.1110311937682, "fx": 1111.1110311937682}, {"id": 70, "img_name": "0071", "width": 800, "height": 800, "position": [-1.6011034250259404, -0.7959651350975036, 2.923078298568726], "rotation": [[0.4451603293418884, -0.6849107742309571, 0.5768270492553711], [-0.8954509496688843, -0.3404933810234069, 0.2867611348628997], [-7.604038168041521e-17, -0.6441749334335326, -0.7648781538009644]], "fy": 1111.1110311937682, "fx": 1111.1110311937682}, {"id": 71, "img_name": "0072", "width": 800, "height": 800, "position": [0.008014914579689503, -0.04228193312883378, 3.3597686290740967], "rotation": [[0.9825038313865662, 0.1862159818410873, -0.0031306666787713766], [0.18624229729175565, -0.9823650121688844, 0.016515539959073067], [-4.3361960593008456e-19, -0.01680737547576427, -0.9998587369918823]], "fy": 1111.1110311937682, "fx": 1111.1110311937682}, {"id": 72, "img_name": "0073", "width": 800, "height": 800, "position": [-0.19512462615966805, 0.23668625950813293, 3.348211288452149], "rotation": [[-0.7715997695922853, -0.6315490007400512, 0.07602433115243912], [-0.6361083388328552, 0.7660692334175107, -0.09221754968166349], [-1.377831768479373e-17, -0.11951476335525511, -0.9928324222564697]], "fy": 1111.1110311937682, "fx": 1111.1110311937682}, {"id": 73, "img_name": "0074", "width": 800, "height": 800, "position": [-1.1822073459625242, 0.3771938979625702, 3.159676074981689], "rotation": [[-0.3039624094963074, -0.8431964516639711, 0.4434259831905365], [-0.9526841044425963, 0.2690293788909912, -0.1414790451526642], [1.49011629792897e-08, -0.46544912457466125, -0.8850746154785155]], "fy": 1111.1110311937682, "fx": 1111.1110311937682}, {"id": 74, "img_name": "0075", "width": 800, "height": 800, "position": [0.6769976019859314, -0.7158951163291932, 3.2356247901916504], "rotation": [[0.7265699505805969, 0.6369473338127136, -0.25767070055007935], [0.6870925426483155, -0.6735436320304871, 0.272475391626358], [1.490116296733208e-08, -0.3750160634517669, -0.9270182847976685]], "fy": 1111.1110311937682, "fx": 1111.1110311937682}, {"id": 75, "img_name": "0076", "width": 800, "height": 800, "position": [0.8634636998176574, -2.708603143692016, 1.9751834869384766], "rotation": [[0.9527595043182373, 0.11602984368801116, -0.2806894481182098], [0.3037260174751282, -0.36397451162338257, 0.8804959654808043], [-0.0, -0.924153506755829, -0.38202139735221863]], "fy": 1111.1110311937682, "fx": 1111.1110311937682}, {"id": 76, "img_name": "0077", "width": 800, "height": 800, "position": [0.7156102657318115, -1.6686677932739256, 2.908034086227417], "rotation": [[0.9190518856048584, 0.2986371815204621, -0.25721484422683716], [0.39413654804229736, -0.6963654160499574, 0.5997763276100159], [-0.0, -0.6526032686233519, -0.7576996684074403]], "fy": 1111.1110311937682, "fx": 1111.1110311937682}, {"id": 77, "img_name": "0078", "width": 800, "height": 800, "position": [1.5859259366989134, 2.0535049438476562, 2.2983632087707524], "rotation": [[-0.7914478778839109, 0.30567345023155207, -0.5293147563934326], [0.6112367510795592, 0.3957951962947845, -0.6853727698326112], [-1.4901161150082872e-08, -0.86597341299057, -0.5000900626182556]], "fy": 1111.1110311937682, "fx": 1111.1110311937682}, {"id": 78, "img_name": "0079", "width": 800, "height": 800, "position": [0.11212448030710222, -0.8252979516983033, 3.271768569946289], "rotation": [[0.990896999835968, 0.1275748908519745, -0.04298725351691246], [0.134622648358345, -0.9390215277671815, 0.3164098858833313], [-0.0, -0.3193168044090271, -0.9476481080055238]], "fy": 1111.1110311937682, "fx": 1111.1110311937682}, {"id": 79, "img_name": "0080", "width": 800, "height": 800, "position": [-0.9251927733421329, -0.03454860672354698, 3.2505118846893315], "rotation": [[0.03731605783104898, -0.9348093867301942, 0.3531840145587922], [-0.9993035793304443, -0.034907713532447815, 0.013188619166612625], [9.313226872604149e-10, -0.3534300923347473, -0.9354608654975892]], "fy": 1111.1110311937682, "fx": 1111.1110311937682}, {"id": 80, "img_name": "0081", "width": 800, "height": 800, "position": [0.12469539791345591, 0.16017483174800867, 3.3548443317413326], "rotation": [[-0.7890776991844176, 0.6123636364936828, -0.04865410178899764], [0.6142934560775757, 0.786598801612854, -0.062497597187757485], [3.725290311159847e-09, -0.07920309156179425, -0.9968584775924683]], "fy": 1111.1110311937682, "fx": 1111.1110311937682}, {"id": 81, "img_name": "0082", "width": 800, "height": 800, "position": [2.505871534347534, -0.06053232029080391, 2.39136552810669], "rotation": [[0.024149151518940922, 0.5358210802078247, -0.8439862132072448], [0.9997084140777587, -0.012943398207426073, 0.020387494936585426], [1.4640825956550867e-18, -0.8442323207855225, -0.5359774231910707]], "fy": 1111.1110311937682, "fx": 1111.1110311937682}, {"id": 82, "img_name": "0083", "width": 800, "height": 800, "position": [0.19047947227954862, 1.6340767145156856, 2.9957795143127433], "rotation": [[-0.9932745695114135, 0.09266074746847154, -0.0694240853190422], [0.11578307300806046, 0.7949138283729555, -0.5955722332000732], [-3.725290731862661e-09, -0.5996047854423523, -0.8002961874008176]], "fy": 1111.1110311937682, "fx": 1111.1110311937682}, {"id": 83, "img_name": "0084", "width": 800, "height": 800, "position": [-0.6593871116638184, -2.011681079864502, 2.7197248935699463], "rotation": [[0.950254797935486, -0.20923250913619992, 0.2307327538728714], [-0.31147369742393494, -0.6383337974548341, 0.7039275169372559], [-1.4901162981657738e-08, -0.7407777309417725, -0.6717501878738403]], "fy": 1111.1110311937682, "fx": 1111.1110311937682}, {"id": 84, "img_name": "0085", "width": 800, "height": 800, "position": [0.1599443405866623, -0.5990386605262757, 3.3114867210388184], "rotation": [[0.9661543369293213, 0.2504457235336304, -0.06182883679866791], [0.2579648494720459, -0.9379929900169374, 0.23156720399856567], [3.725290307689908e-09, -0.23967911303043368, -0.9708521366119385]], "fy": 1111.1110311937682, "fx": 1111.1110311937682}, {"id": 85, "img_name": "0086", "width": 800, "height": 800, "position": [1.8057001829147337, 2.356956720352173, 1.754719614982605], "rotation": [[-0.7938177585601806, 0.18616358935832977, -0.5789616107940674], [0.6081557869911194, 0.24299690127372736, -0.7557110190391539], [-5.284637234430599e-17, -0.9519956111907958, -0.3061117231845855]], "fy": 1111.1110311937682, "fx": 1111.1110311937682}, {"id": 86, "img_name": "0087", "width": 800, "height": 800, "position": [-2.3762626647949214, 1.784408211708069, 1.749699115753174], "rotation": [[-0.6004761457443237, -0.24342553317546847, 0.7616904973983765], [-0.7996426820755005, 0.18279565870761869, -0.5719766616821289], [2.1141160381966223e-17, -0.9525386691093444, -0.3044178485870362]], "fy": 1111.1110311937682, "fx": 1111.1110311937682}, {"id": 87, "img_name": "0088", "width": 800, "height": 800, "position": [-1.7370799779891972, -0.9705283045768739, 2.8048946857452397], "rotation": [[0.48774755001068115, -0.6196189522743224, 0.6149591207504274], [-0.872984766960144, -0.346188873052597, 0.34358537197113037], [3.439576063866681e-17, -0.7044329047203065, -0.7097706198692321]], "fy": 1111.1110311937682, "fx": 1111.1110311937682}, {"id": 88, "img_name": "0089", "width": 800, "height": 800, "position": [0.5051610469818116, 1.686073184013367, 2.9379572868347172], "rotation": [[-0.9579296112060548, 0.22157445549964908, -0.18241626024246219], [0.2870033979415894, 0.7395477890968323, -0.6088497638702394], [-1.4901161206710282e-08, -0.6355893611907959, -0.7720274329185486]], "fy": 1111.1110311937682, "fx": 1111.1110311937682}, {"id": 89, "img_name": "0090", "width": 800, "height": 800, "position": [2.446474313735963, 1.4163116216659541, 1.9996867179870605], "rotation": [[-0.5010182261466979, 0.3380941152572632, -0.796663761138916], [0.8654367327690123, 0.19572927057743073, -0.461204171180725], [-2.2111860779886168e-17, -0.9205337762832642, -0.39066299796104437]], "fy": 1111.1110311937682, "fx": 1111.1110311937682}, {"id": 90, "img_name": "0091", "width": 800, "height": 800, "position": [1.1162852048873901, -0.6041761040687559, 3.1499962806701665], "rotation": [[0.4759916961193084, 0.7737910747528075, -0.41794648766517645], [0.8794497847557068, -0.41880518198013295, 0.22620856761932367], [1.4901161176166826e-08, -0.47523629665374767, -0.8798581957817078]], "fy": 1111.1110311937682, "fx": 1111.1110311937682}, {"id": 91, "img_name": "0092", "width": 800, "height": 800, "position": [0.09678544849157333, -0.05944130569696429, 3.3583869934082036], "rotation": [[0.5233374834060669, 0.8512870073318481, -0.03779342398047447], [0.8521255850791931, -0.5228224992752075, 0.023211035877466205], [-0.0, -0.04435143247246743, -0.9990159273147584]], "fy": 1111.1110311937682, "fx": 1111.1110311937682}, {"id": 92, "img_name": "0093", "width": 800, "height": 800, "position": [-2.1535894870758057, -0.6521990895271301, 2.6201872825622554], "rotation": [[0.28984308242797846, -0.601912260055542, 0.7441053390502929], [-0.957074224948883, -0.1822848170995712, 0.22534695267677304], [1.49011612194761e-08, -0.7774791717529297, -0.6289086937904357]], "fy": 1111.1110311937682, "fx": 1111.1110311937682}, {"id": 93, "img_name": "0094", "width": 800, "height": 800, "position": [-0.017702195793390267, 0.2768851816654204, 3.3503596782684317], "rotation": [[-0.9979625344276428, -0.06342884153127669, 0.0069003459066152555], [-0.06380307674407958, 0.9921090006828307, -0.10793031007051465], [-4.656612902185298e-10, -0.10815075784921645, -0.994134485721588]], "fy": 1111.1110311937682, "fx": 1111.1110311937682}, {"id": 94, "img_name": "0095", "width": 800, "height": 800, "position": [1.2059906721115112, -1.2746775150299074, 2.9407713413238534], "rotation": [[0.7264074087142944, 0.5315200686454773, -0.4356819391250612], [0.6872644424438477, -0.5617926716804506, 0.46049606800079346], [-2.9802322389591184e-08, -0.6339363455772401, -0.7733852863311768]], "fy": 1111.1110311937682, "fx": 1111.1110311937682}, {"id": 95, "img_name": "0096", "width": 800, "height": 800, "position": [-1.02558171749115, -2.822882890701294, 1.68345308303833], "rotation": [[0.9398918747901915, -0.0963616296648979, 0.32759377360343933], [-0.34147214889526367, -0.26523250341415405, 0.9016920328140259], [-0.0, -0.9593572020530701, -0.28219470381736755]], "fy": 1111.1110311937682, "fx": 1111.1110311937682}, {"id": 96, "img_name": "0097", "width": 800, "height": 800, "position": [1.7310894727706914, -2.191675662994385, 2.0496110916137695], "rotation": [[0.7847400307655333, 0.25314417481422435, -0.5657746791839601], [0.6198249459266664, -0.32049757242202764, 0.716308832168579], [-5.0670443964483206e-17, -0.9127975702285767, -0.40841239690780645]], "fy": 1111.1110311937682, "fx": 1111.1110311937682}, {"id": 97, "img_name": "0098", "width": 800, "height": 800, "position": [-2.506471395492554, 1.7270265817642212, 1.5899293422698975], "rotation": [[-0.5673823356628419, -0.20684807002544403, 0.7970515489578246], [-0.8234544992446898, 0.14252391457557678, -0.5491900444030763], [-7.450580585016512e-09, -0.9679363369941711, -0.25119552016258234]], "fy": 1111.1110311937682, "fx": 1111.1110311937682}, {"id": 98, "img_name": "0099", "width": 800, "height": 800, "position": [0.5450738668441771, 0.7088398337364195, 3.2580242156982417], "rotation": [[-0.7927253246307373, 0.5728518366813659, -0.20839223265647883], [0.6095789670944214, 0.7449636459350586, -0.2710030972957611], [1.4901161196332173e-08, -0.3418624699115752, -0.9397499561309813]], "fy": 1111.1110311937682, "fx": 1111.1110311937682}, {"id": 99, "img_name": "0100", "width": 800, "height": 800, "position": [-2.626368761062622, -1.468716382980346, 1.6708835363388062], "rotation": [[0.4880846738815307, -0.24264071881771085, 0.8383906483650209], [-0.8727964162826536, -0.13568939268589017, 0.46884432435035683], [-7.450581470336045e-09, -0.9605799317359924, -0.2780038416385651]], "fy": 1111.1110311937682, "fx": 1111.1110311937682}, {"id": 100, "img_name": "0001", "width": 800, "height": 800, "position": [-0.9912415742874144, 0.28101003170013433, 3.2236797809600835], "rotation": [[-0.2727447748184204, -0.8854063153266905, 0.3763854205608368], [-0.9620864391326904, 0.2510064840316772, -0.10670262575149538], [-0.0, -0.3912178874015808, -0.9202980995178223]], "fy": 1111.1110311937682, "fx": 1111.1110311937682}, {"id": 101, "img_name": "0002", "width": 800, "height": 800, "position": [-0.06632238626480104, -0.8753703236579894, 3.26