{
    "r_000": {
        "canonical_transformation_matrices": [
            [
                [
                    0.9851067662239075,
                    0.028799086809158325,
                    0.16951513290405273,
                    -0.033661335706710815
                ],
                [
                    0.16578850150108337,
                    0.10234017670154572,
                    -0.9808363318443298,
                    0.04585754871368408
                ],
                [
                    -0.0455952063202858,
                    0.9943321943283081,
                    0.09604141116142273,
                    0.20587153732776642
                ],
                [
                    -1.7084110975265503,
                    -0.2933048605918884,
                    -3.639408588409424,
                    1.1110697984695435
                ]
            ],
            [
                [
                    0.8561696410179138,
                    -0.0747389942407608,
                    -0.5112608075141907,
                    0.03319732844829559
                ],
                [
                    0.45162704586982727,
                    -0.37244337797164917,
                    0.8107520341873169,
                    0.05694827437400818
                ],
                [
                    -0.2510104477405548,
                    -0.9250405430793762,
                    -0.28512057662010193,
                    0.11172527074813843
                ],
                [
                    -0.36426371335983276,
                    -0.5192485451698303,
                    3.9809162616729736,
                    1.0458834171295166
                ]
            ],
            [
                [
                    0.6657798886299133,
                    0.5562678575515747,
                    -0.49729540944099426,
                    -0.1056717187166214
                ],
                [
                    0.6844267249107361,
                    -0.18987157940864563,
                    0.7039239406585693,
                    0.030118808150291443
                ],
                [
                    0.29714804887771606,
                    -0.8090206980705261,
                    -0.5071372985839844,
                    0.11915963888168335
                ],
                [
                    0.5245469212532043,
                    -1.4466549158096313,
                    3.725860595703125,
                    1.274886131286621
                ]
            ],
            [
                [
                    0.7939677834510803,
                    -0.07588254660367966,
                    -0.6032052636146545,
                    -0.03690518066287041
                ],
                [
                    0.6055171489715576,
                    0.009849019348621368,
                    0.7957711219787598,
                    0.07780428230762482
                ],
                [
                    -0.054444145411252975,
                    -0.9970676898956299,
                    0.05376797914505005,
                    0.30769890546798706
                ],
                [
                    0.16972777247428894,
                    0.7688653469085693,
                    3.9534826278686523,
                    1.1652320623397827
                ]
            ],
            [
                [
                    0.6580973863601685,
                    -0.3419903814792633,
                    -0.6707833409309387,
                    0.161154642701149
                ],
                [
                    0.7377510666847229,
                    0.11488746106624603,
                    0.6652248501777649,
                    0.005459580570459366
                ],
                [
                    -0.1504358947277069,
                    -0.9326539635658264,
                    0.3279109001159668,
                    -0.23631669580936432
                ],
                [
                    0.9680428504943848,
                    1.6889007091522217,
                    3.5299439430236816,
                    0.7788902521133423
                ]
            ],
            [
                [
                    0.8297064900398254,
                    -0.4919137954711914,
                    -0.2638334631919861,
                    -0.25771695375442505
                ],
                [
                    0.5213185548782349,
                    0.5139145851135254,
                    0.6812626123428345,
                    -0.1508205235004425
                ],
                [
                    -0.199534609913826,
                    -0.7027893662452698,
                    0.6828420162200928,
                    -0.18034511804580688
                ],
                [
                    -0.10522837936878204,
                    3.2048957347869873,
                    2.442861557006836,
                    1.20535147190094
                ]
            ],
            [
                [
                    0.8079196214675903,
                    0.13473989069461823,
                    -0.5736807584762573,
                    -0.03280656412243843
                ],
                [
                    0.5892900228500366,
                    -0.18768617510795593,
                    0.7858162522315979,
                    0.06752492487430573
                ],
                [
                    -0.001791094895452261,
                    -0.9729405641555786,
                    -0.2310362011194229,
                    0.43616217374801636
                ],
                [
                    0.055021386593580246,
                    -0.3741717040538788,
                    4.0133376121521,
                    1.049936294555664
                ]
            ],
            [
                [
                    0.6868812441825867,
                    0.34592169523239136,
                    -0.6391648054122925,
                    0.2772502303123474
                ],
                [
                    0.573434591293335,
                    0.2823536694049835,
                    0.7690566182136536,
                    0.16422057151794434
                ],
                [
                    0.44650453329086304,
                    -0.894770085811615,
                    -0.0044203102588653564,
                    -0.5803781151771545
                ],
                [
                    0.030271731317043304,
                    0.6249598860740662,
                    3.9822728633880615,
                    1.221696138381958
                ]
            ],
            [
                [
                    0.6891080141067505,
                    -0.21667605638504028,
                    -0.6915063858032227,
                    -0.33098581433296204
                ],
                [
                    0.6228177547454834,
                    -0.31072092056274414,
                    0.7180182337760925,
                    0.04410013556480408
                ],
                [
                    -0.37044283747673035,
                    -0.9254745841026306,
                    -0.0791705846786499,
                    -0.5176241993904114
                ],
                [
                    0.6461144685745239,
                    0.009630152024328709,
                    3.9789986610412598,
                    2.199207067489624
                ]
            ],
            [
                [
                    0.8089298009872437,
                    0.049897514283657074,
                    -0.585783839225769,
                    -0.02790023386478424
                ],
                [
                    0.5878925323486328,
                    -0.0621105432510376,
                    0.8065508604049683,
                    0.03979557007551193
                ],
                [
                    0.003861543256789446,
                    -0.9968209862709045,
                    -0.07957744598388672,
                    0.4854360520839691
                ],
                [
                    0.044954393059015274,
                    0.24405185878276825,
                    4.023482322692871,
                    0.9205573797225952
                ]
            ],
            [
                [
                    0.7393336892127991,
                    -0.08598930388689041,
                    -0.6678240299224854,
                    0.30854105949401855
                ],
                [
                    0.5590465664863586,
                    -0.4744168817996979,
                    0.6799948215484619,
                    0.08485852926969528
                ],
                [
                    -0.3753003478050232,
                    -0.8760902285575867,
                    -0.3026808500289917,
                    -0.6795893907546997
                ],
                [
                    0.3252469301223755,
                    -0.8529196977615356,
                    3.926410436630249,
                    0.9469140768051147
                ]
            ],
            [
                [
                    0.4820902943611145,
                    0.5211082100868225,
                    -0.704296350479126,
                    -0.3609147369861603
                ],
                [
                    0.8614861965179443,
                    -0.1356406807899475,
                    0.4893262982368469,
                    -0.03942760452628136
                ],
                [
                    0.15946024656295776,
                    -0.8426433205604553,
                    -0.5143184661865234,
                    -0.6135200262069702
                ],
                [
                    1.6027026176452637,
                    -1.1699568033218384,
                    3.5089170932769775,
                    2.0503087043762207
                ]
            ],
            [
                [
                    0.7764629125595093,
                    0.0641021803021431,
                    -0.6268938183784485,
                    -0.033999014645814896
                ],
                [
                    0.6185571551322937,
                    -0.2675643861293793,
                    0.7387785911560059,
                    0.07489398121833801
                ],
                [
                    -0.12037770450115204,
                    -0.9614042043685913,
                    -0.24740415811538696,
                    0.6986857056617737
                ],
                [
                    0.2897375822067261,
                    -0.47773000597953796,
                    3.992217540740967,
                    0.9288109540939331
                ]
            ],
            [
                [
                    0.8009843826293945,
                    -0.10493841022253036,
                    -0.5894152522087097,
                    0.04429462552070618
                ],
                [
                    0.5279720425605774,
                    -0.3403429687023163,
                    0.7780819535255432,
                    0.07650402188301086
                ],
                [
                    -0.28225404024124146,
                    -0.9344262480735779,
                    -0.21720540523529053,
                    0.6060619354248047
                ],
                [
                    0.02933279052376747,
                    -0.339718759059906,
                    4.016681671142578,
                    0.8054981231689453
                ]
            ],
            [
                [
                    0.7242792844772339,
                    0.4031033515930176,
                    -0.5593979358673096,
                    -0.10844801366329193
                ],
                [
                    0.6027407050132751,
                    0.023843340575695038,
                    0.7975803017616272,
                    0.06542106717824936
                ],
                [
                    0.33484524488449097,
                    -0.9148428440093994,
                    -0.22569814324378967,
                    0.604261577129364
                ],
                [
                    0.10227258503437042,
                    -0.3375457227230072,
                    4.015669822692871,
                    1.1230047941207886
                ]
            ],
            [
                [
                    0.7709925770759583,
                    0.2799404263496399,
                    -0.5720168352127075,
                    -0.036195769906044006
                ],
                [
                    0.6104092001914978,
                    -0.06874364614486694,
                    0.7890975475311279,
                    0.027190420776605606
                ],
                [
                    0.18157769739627838,
                    -0.9575526714324951,
                    -0.22387921810150146,
                    0.764523446559906
                ],
                [
                    0.1057462990283966,
                    -0.3306867182254791,
                    4.01615047454834,
                    0.7414541244506836
                ]
            ],
            [
                [
                    0.6982359886169434,
                    -0.10923910140991211,
                    -0.7074835300445557,
                    0.11643145978450775
                ],
                [
                    0.5888330340385437,
                    -0.4743987023830414,
                    0.6543863415718079,
                    0.08992396295070648
                ],
                [
                    -0.40711382031440735,
                    -0.8735057711601257,
                    -0.2669185698032379,
                    0.6613027453422546
                ],
                [
                    0.5350318551063538,
                    -0.8006476163864136,
                    3.9144225120544434,
                    0.6515659093856812
                ]
            ],
            [
                [
                    0.6706446409225464,
                    0.42829641699790955,
                    -0.6056382656097412,
                    -0.181566059589386
                ],
                [
                    0.6865818500518799,
                    -0.049352724105119705,
                    0.7253754138946533,
                    0.06829933822154999
                ],
                [
                    0.28078579902648926,
                    -0.9022894501686096,
                    -0.3271588087081909,
                    0.666111409664154
                ],
                [
                    0.5295521020889282,
                    -0.6411279439926147,
                    3.944430112838745,
                    1.266320824623108
                ]
            ],
            [
                [
                    0.7546384930610657,
                    0.11965777724981308,
                    -0.6451379060745239,
                    0.3259190320968628
                ],
                [
                    0.6178272366523743,
                    -0.4606498181819916,
                    0.637252926826477,
                    0.09807051718235016
                ],
                [
                    -0.22093039751052856,
                    -0.8794792890548706,
                    -0.42155182361602783,
                    0.8118434548377991
                ],
                [
                    0.39437904953956604,
                    -1.2808846235275269,
                    3.8018155097961426,
                    0.10972732305526733
                ]
            ],
            [
                [
                    0.8992874026298523,
                    0.27287963032722473,
                    0.3417873978614807,
                    -0.3911014199256897
                ],
                [
                    -0.24465250968933105,
                    -0.33390888571739197,
                    0.9103021025657654,
                    0.09943301230669022
                ],
                [
                    0.3625286817550659,
                    -0.9022425413131714,
                    -0.23351936042308807,
                    0.801921010017395
                ],
                [
                    -3.0767648220062256,
                    -1.2090309858322144,
                    2.306893825531006,
                    1.7748868465423584
                ]
            ],
            [
                [
                    0.6895437240600586,
                    0.057273704558610916,
                    -0.7219741940498352,
                    0.46592777967453003
                ],
                [
                    0.7187139391899109,
                    -0.1770479530096054,
                    0.6723852157592773,
                    0.07177217304706573
                ],
                [
                    -0.08931416273117065,
                    -0.9825343489646912,
                    -0.16324511170387268,
                    1.0083978176116943
                ],
                [
                    0.7990322709083557,
                    -0.15530624985694885,
                    3.9480865001678467,
                    -0.4098154306411743
                ]
            ],
            [
                [
                    0.7146226763725281,
                    0.07556081563234329,
                    -0.6954153776168823,
                    -0.4484599232673645
                ],
                [
                    0.6982068419456482,
                    -0.137664332985878,
                    0.7025335431098938,
                    -0.05385107547044754
                ],
                [
                    -0.04264974594116211,
                    -0.9875925779342651,
                    -0.15113483369350433,
                    0.9905974864959717
                ],
                [
                    0.6480764150619507,
                    -0.06642065197229385,
                    3.9781334400177,
                    1.3018555641174316
                ]
            ],
            [
                [
                    0.8705291152000427,
                    0.023708291351795197,
                    -0.4915437698364258,
                    0.5171839594841003
                ],
                [
                    0.4794140160083771,
                    -0.2663171589374542,
                    0.8362033367156982,
                    0.056119635701179504
                ],
                [
                    -0.11108153313398361,
                    -0.963593065738678,
                    -0.24320413172245026,
                    1.0705050230026245
                ],
                [
                    -0.3857440650463104,
                    -0.3791923224925995,
                    3.9946718215942383,
                    -0.614087700843811
                ]
            ],
            [
                [
                    0.8358646631240845,
                    0.18391570448875427,
                    -0.5172079205513,
                    -0.4905734062194824
                ],
                [
                    0.5434163808822632,
                    -0.14398276805877686,
                    0.8270227909088135,
                    -0.09553901106119156
                ],
                [
                    0.07763344049453735,
                    -0.9723389148712158,
                    -0.220292329788208,
                    1.0472440719604492
                ],
                [
                    -0.2036074697971344,
                    -0.3457091450691223,
                    4.011112213134766,
                    1.2314071655273438
                ]
            ]
        ]
    },
    "r_001": {
        "canonical_transformation_matrices": [
            [
                [
                    0.9908141493797302,
                    0.1347951740026474,
                    0.010852441191673279,
                    0.09409964829683304
                ],
                [
                    -0.008240669965744019,
                    0.14028477668762207,
                    -0.9900770783424377,
                    -0.0592089407145977
                ],
                [
                    -0.13497978448867798,
                    0.9808928966522217,
                    0.14010703563690186,
                    0.18093183636665344
                ],
                [
                    3.307724952697754,
                    -1.4746716022491455,
                    1.7703956365585327,
                    1.1115257740020752
                ]
            ],
            [
                [
                    -0.7572425603866577,
                    -0.19135650992393494,
                    0.6244727969169617,
                    0.1529207080602646
                ],
                [
                    -0.5072385668754578,
                    0.7746219635009766,
                    -0.3777165412902832,
                    -0.06422467529773712
                ],
                [
                    -0.41145187616348267,
                    -0.6027798056602478,
                    -0.6836401224136353,
                    0.08154803514480591
                ],
                [
                    -0.6610965728759766,
                    -1.1403934955596924,
                    3.809521198272705,
                    1.4671852588653564
                ]
            ],
            [
                [
                    -0.35053738951683044,
                    -0.6506354212760925,
                    0.673644483089447,
                    0.013008616864681244
                ],
                [
                    -0.904509425163269,
                    0.04866480827331543,
                    -0.4236678183078766,
                    -0.06639622151851654
                ],
                [
                    0.2428705096244812,
                    -0.7578292489051819,
                    -0.6055647730827332,
                    0.10198626667261124
                ],
                [
                    0.3118334412574768,
                    -0.8656436800956726,
                    3.9247193336486816,
                    1.0044645071029663
                ]
            ],
            [
                [
                    -0.5419887900352478,
                    -0.1940760612487793,
                    0.8176687955856323,
                    0.10547038167715073
                ],
                [
                    -0.8318368196487427,
                    -0.014534831047058105,
                    -0.5548292994499207,
                    -0.022516120225191116
                ],
                [
                    0.11956395953893661,
                    -0.9808782339096069,
                    -0.15356187522411346,
                    0.2801048755645752
                ],
                [
                    -0.22280721366405487,
                    1.0411486625671387,
                    3.887974977493286,
                    0.9107102751731873
                ]
            ],
            [
                [
                    -0.49130779504776,
                    0.30191439390182495,
                    0.8169848322868347,
                    0.3455633819103241
                ],
                [
                    -0.8692345023155212,
                    -0.11050687730312347,
                    -0.4818916320800781,
                    -0.1990194469690323
                ],
                [
                    -0.055207569152116776,
                    -0.9469085931777954,
                    0.3167274296283722,
                    -0.20989011228084564
                ],
                [
                    0.2959851622581482,
                    2.712430477142334,
                    2.9673409461975098,
                    2.8111748695373535
                ]
            ],
            [
                [
                    -0.7457414865493774,
                    0.29998287558555603,
                    0.5948777198791504,
                    -0.18521088361740112
                ],
                [
                    -0.5894544720649719,
                    0.1190558448433876,
                    -0.7989799380302429,
                    -0.18293844163417816
                ],
                [
                    -0.3105040192604065,
                    -0.9464859962463379,
                    0.08804139494895935,
                    -0.20259256660938263
                ],
                [
                    -0.6281609535217285,
                    2.249620199203491,
                    3.2855162620544434,
                    1.1229994297027588
                ]
            ],
            [
                [
                    -0.5498455762863159,
                    -0.24068614840507507,
                    0.7998363375663757,
                    0.14100095629692078
                ],
                [
                    -0.8079109191894531,
                    0.3962950110435486,
                    -0.43614763021469116,
                    -0.03607885539531708
                ],
                [
                    -0.21199648082256317,
                    -0.8860104084014893,
                    -0.4123539924621582,
                    0.4026334881782532
                ],
                [
                    0.25070691108703613,
                    -0.07559169083833694,
                    4.022612571716309,
                    0.8461740016937256
                ]
            ],
            [
                [
                    -0.35813242197036743,
                    -0.19481772184371948,
                    0.9131191968917847,
                    0.46479320526123047
                ],
                [
                    -0.8103637099266052,
                    -0.4208899140357971,
                    -0.4076292812824249,
                    -0.032633572816848755
                ],
                [
                    0.4637366235256195,
                    -0.8859439492225647,
                    -0.007139027118682861,
                    -0.5492544174194336
                ],
                [
                    -0.2620663344860077,
                    1.6901023387908936,
                    3.6503236293792725,
                    3.408149242401123
                ]
            ],
            [
                [
                    -0.26092925667762756,
                    -0.1832643300294876,
                    0.9478023648262024,
                    -0.22565144300460815
                ],
                [
                    -0.871961236000061,
                    0.4660494327545166,
                    -0.14993630349636078,
                    -0.053649693727493286
                ],
                [
                    -0.4142445921897888,
                    -0.8655703067779541,
                    -0.28140556812286377,
                    -0.5751192569732666
                ],
                [
                    1.6056532859802246,
                    -0.06993354111909866,
                    3.6968870162963867,
                    1.3536112308502197
                ]
            ],
            [
                [
                    -0.5016088485717773,
                    -0.38491255044937134,
                    0.7747456431388855,
                    0.14357081055641174
                ],
                [
                    -0.8565539121627808,
                    0.09545314311981201,
                    -0.5071523785591125,
                    -0.0687413290143013
                ],
                [
                    0.121257483959198,
                    -0.9180036187171936,
                    -0.3775787353515625,
                    0.448472261428833
                ],
                [
                    -0.05139283835887909,
                    0.12801441550254822,
                    4.028768062591553,
                    0.8436324000358582
                ]
            ],
            [
                [
                    0.02079315483570099,
                    -0.3373259902000427,
                    0.9411565661430359,
                    0.5049636960029602
                ],
                [
                    -0.7973914742469788,
                    0.5622646808624268,
                    0.21914134919643402,
                    -0.07828526198863983
                ],
                [
                    -0.6031014919281006,
                    -0.755029559135437,
                    -0.25728973746299744,
                    -0.6651285886764526
                ],
                [
                    2.6408543586730957,
                    -0.9201890230178833,
                    2.9032890796661377,
                    3.813900947570801
                ]
            ],
            [
                [
                    -0.24448828399181366,
                    -0.6384094953536987,
                    0.7298330068588257,
                    -0.26932212710380554
                ],
                [
                    -0.9316883683204651,
                    -0.05387711524963379,
                    -0.35923686623573303,
                    -0.14606457948684692
                ],
                [
                    0.26866239309310913,
                    -0.7678085565567017,
                    -0.5816271305084229,
                    -0.6563881039619446
                ],
                [
                    0.6519274711608887,
                    -0.6076087951660156,
                    3.9313812255859375,
                    1.535635232925415
                ]
            ],
            [
                [
                    -0.5218607187271118,
                    -0.3153530955314636,
                    0.7925991415977478,
                    0.1798056811094284
                ],
                [
                    -0.8470474481582642,
                    0.30141469836235046,
                    -0.4377870559692383,
                    -0.05105813592672348
                ],
                [
                    -0.1008436381816864,
                    -0.8998333215713501,
                    -0.42441511154174805,
                    0.6600422859191895
                ],
                [
                    0.23232224583625793,
                    -0.09563221782445908,
                    4.023290634155273,
                    0.5727270841598511
                ]
            ],
            [
                [
                    -0.624444305896759,
                    -0.38652849197387695,
                    0.6787220239639282,
                    0.24001193046569824
                ],
                [
                    -0.768914520740509,
                    0.45690733194351196,
                    -0.4472181797027588,
                    -0.051994286477565765
                ],
                [
                    -0.13725048303604126,
                    -0.8011428713798523,
                    -0.5825220346450806,
                    0.5551069974899292
                ],
                [
                    -0.18081873655319214,
                    -0.7874135971069336,
                    3.949338436126709,
                    0.9337033033370972
                ]
            ],
            [
                [
                    -0.2983824610710144,
                    -0.6300456523895264,
                    0.7169440388679504,
                    0.0897686704993248
                ],
                [
                    -0.920001208782196,
                    -0.010116130113601685,
                    -0.3917827010154724,
                    -0.04253183305263519
                ],
                [
                    0.25409364700317383,
                    -0.776491105556488,
                    -0.5766257643699646,
                    0.5808743238449097
                ],
                [
                    0.4857180714607239,
                    -0.65436851978302,
                    3.94789457321167,
                    0.40709662437438965
                ]
            ],
            [
                [
                    -0.5314525961875916,
                    -0.30264878273010254,
                    0.7911772131919861,
                    0.18363156914710999
                ],
                [
                    -0.8469144701957703,
                    0.2087434083223343,
                    -0.4890419542789459,
                    -0.1089305579662323
                ],
                [
                    -0.017145156860351562,
                    -0.9299619793891907,
                    -0.3672548830509186,
                    0.7170624732971191
                ],
                [
                    0.06466653198003769,
                    0.17741650342941284,
                    4.026702404022217,
                    0.6057748794555664
                ]
            ],
            [
                [
                    -0.5500586628913879,
                    -0.2913670837879181,
                    0.7826496958732605,
                    0.32574403285980225
                ],
                [
                    -0.6695654988288879,
                    0.7139642238616943,
                    -0.20478497445583344,
                    -0.04365825653076172
                ],
                [
                    -0.49911633133888245,
                    -0.6366789937019348,
                    -0.5878115892410278,
                    0.5869694948196411
                ],
                [
                    0.4474512040615082,
                    -1.2739176750183105,
                    3.79827880859375,
                    1.1303073167800903
                ]
            ],
            [
                [
                    -0.614979088306427,
                    -0.5672149658203125,
                    0.5477843284606934,
                    0.031244590878486633
                ],
                [
                    -0.7881054282188416,
                    0.4652624726295471,
                    -0.4030139148235321,
                    -0.023841306567192078
                ],
                [
                    -0.026267964392900467,
                    -0.679557204246521,
                    -0.7331521511077881,
                    0.6542779207229614
                ],
                [
                    -0.29592445492744446,
                    -1.5637403726577759,
                    3.7036659717559814,
                    0.06792140007019043
                ]
            ],
            [
                [
                    -0.20694151520729065,
                    -0.6858810186386108,
                    0.6976690888404846,
                    0.55962073802948
                ],
                [
                    -0.9450609683990479,
                    0.32458531856536865,
                    0.038778241723775864,
                    -0.04560194909572601
                ],
                [
                    -0.25305041670799255,
                    -0.651315450668335,
                    -0.7153696417808533,
                    0.6965627074241638
                ],
                [
                    1.6529890298843384,
                    -1.6982768774032593,
                    3.26090145111084,
                    1.678393840789795
                ]
            ],
            [
                [
                    -0.844927191734314,
                    -0.49622246623039246,
                    -0.1996520757675171,
                    -0.20105378329753876
                ],
                [
                    -0.1153034195303917,
                    0.5334640741348267,
                    -0.8379263877868652,
                    -0.004967734217643738
                ],
                [
                    0.5223050713539124,
                    -0.6849667429924011,
                    -0.5079545974731445,
                    0.7494011521339417
                ],
                [
                    -3.2474443912506104,
                    -1.4704372882843018,
                    1.8819963932037354,
                    -0.8456584215164185
                ]
            ],
            [
                [
                    -0.37833893299102783,
                    -0.2658082842826843,
                    0.8866813778877258,
                    0.7118963003158569
                ],
                [
                    -0.9150072932243347,
                    0.2523321807384491,
                    -0.3147820830345154,
                    -0.14224202930927277
                ],
                [
                    -0.14006660878658295,
                    -0.9304161667823792,
                    -0.3386828899383545,
                    0.8597545623779297
                ],
                [
                    0.8764730095863342,
                    0.20567798614501953,
                    3.929306983947754,
                    2.073690891265869
                ]
            ],
            [
                [
                    -0.4992034435272217,
                    -0.3305896818637848,
                    0.8009404540061951,
                    -0.2698524594306946
                ],
                [
                    -0.8595436215400696,
                    0.07218198478221893,
                    -0.5059370398521423,
                    -0.1560610830783844
                ],
                [
                    0.10944423079490662,
                    -0.941008985042572,
                    -0.3201907277107239,
                    0.9363375902175903
                ],
                [
                    -0.01856916770339012,
                    0.38037535548210144,
                    4.013099670410156,
                    -1.0660614967346191
                ]
            ],
            [
                [
                    -0.5711110830307007,
                    -0.40807199478149414,
                    0.712255597114563,
                    0.7617729902267456
                ],
                [
                    -0.8206568360328674,
                    0.26397714018821716,
                    -0.5067909955978394,
                    -0.18241363763809204
                ],
                [
                    0.018788062036037445,
                    -0.8739527463912964,
                    -0.48564743995666504,
                    0.911055326461792
                ],
                [
                    -0.16946682333946228,
                    -0.3510391116142273,
                    4.012235164642334,
                    2.223630905151367
                ]
            ],
            [
                [
                    -0.41994228959083557,
                    -0.43375730514526367,
                    0.7971832752227783,
                    -0.3011972904205322
                ],
                [
                    -0.9063261151313782,
                    0.24603751301765442,
                    -0.3435647785663605,
                    -0.20195569097995758
                ],
                [
                    -0.04711331054568291,
                    -0.8667872548103333,
                    -0.4964473843574524,
                    0.9965487718582153
                ],
                [
                    0.5774442553520203,
                    -0.4067479074001312,
                    3.9687631130218506,
                    -1.1710131168365479
                ]
            ]
        ]
    },
    "r_002": {
        "canonical_transformation_matrices": [
            [
                [
                    0.98732990026474,
                    0.08249655365943909,
                    0.1355525255203247,
                    0.014150861650705338
                ],
                [
