{
    "r_000": {
        "R": [
            [
                0.8158209165206826,
                0.08080814637990842,
                -0.5726309739581598
            ],
            [
                0.578304542408222,
                -0.11399700226424626,
                0.8078171559264289
            ],
            [
                -4.312577961080504e-09,
                -0.9901892816585431,
                -0.13973287064736503
            ]
        ],
        "T": [
            2.049252755790268e-08,
            -2.375419852866237e-08,
            4.031128914911734
        ]
    },
    "r_001": {
        "R": [
            [
                -0.5398983776364042,
                -0.34347307302473873,
                0.7684633879280378
            ],
            [
                -0.8417301278127851,
                0.22030880364785252,
                -0.49290399433846677
            ],
            [
                -8.898216152552388e-10,
                -0.9129569720738145,
                -0.40805599487117855
            ]
        ],
        "T": [
            -4.781100913527954e-08,
            -1.0834302962420025e-08,
            4.031128952941601
        ]
    },
    "r_002": {
        "R": [
            [
                0.6971422335256036,
                -0.15993563174116132,
                -0.6988657808129558
            ],
            [
                0.7169328500006099,
                0.15552067457925234,
                0.6795739257082369
            ],
            [
                -5.348841734933109e-09,
                -0.9747993837669143,
                0.22308318057594337
            ]
        ],
        "T": [
            -2.3802002836853855e-08,
            4.484386703971194e-09,
            4.031129303794485
        ]
    },
    "r_003": {
        "R": [
            [
                -0.5612495131747277,
                -0.42193650556473106,
                0.7120172796608001
            ],
            [
                -0.8276466480036541,
                0.2861265057728224,
                -0.48283808959962243
            ],
            [
                3.8122198095858365e-09,
                -0.8602913301629947,
                -0.509802714827124
            ]
        ],
        "T": [
            2.0543002621844872e-08,
            -9.035751344949407e-09,
            4.031128954915095
        ]
    },
    "r_004": {
        "R": [
            [
                -0.5609073753803149,
                0.8081332698621635,
                -0.17973211058330366
            ],
            [
                0.8278785811810071,
                0.5475293785253753,
                -0.1217727594312458
            ],
            [
                -6.354179303683712e-09,
                -0.2170996940433135,
                -0.9761494563416546
            ]
        ],
        "T": [
            -2.697185818519142e-09,
            1.3970912215096877e-08,
            4.031128886248479
        ]
    },
    "r_005": {
        "R": [
            [
                -0.9401825622780171,
                0.15275845604340324,
                -0.3045024854892716
            ],
            [
                0.3406712969524692,
                0.4215818436063653,
                -0.8403640789535939
            ],
            [
                2.797563144903018e-09,
                -0.8938307793316892,
                -0.44840432777223616
            ]
        ],
        "T": [
            1.0154671725719716e-08,
            4.064848707358644e-08,
            4.031128823278917
        ]
    },
    "r_006": {
        "R": [
            [
                0.3799972271845225,
                -0.5935681675478118,
                0.7094215734803532
            ],
            [
                -0.9249876505587832,
                -0.243845672228486,
                0.2914398123715639
            ],
            [
                -1.3160427366572333e-08,
                -0.7669524221913433,
                -0.6417039211173972
            ]
        ],
        "T": [
            1.8283214977736293e-08,
            9.456275959086922e-08,
            4.031128982684844
        ]
    },
    "r_007": {
        "R": [
            [
                -0.9340110441817755,
                0.33960583166037484,
                -0.11086621567647023
            ],
            [
                0.3572442302722075,
                0.8878956744648234,
                -0.28985851130037804
            ],
            [
                -3.464308328638588e-09,
                -0.31033726117819876,
                -0.9506265274364963
            ]
        ],
        "T": [
            4.566012171565855e-09,
            4.5661635705265786e-08,
            4.03112896943634
        ]
    },
    "r_008": {
        "R": [
            [
                0.9817772984295665,
                -0.12257572861836014,
                0.14521905657180137
            ],
            [
                -0.19003522169021372,
                -0.6332618926545658,
                0.750243976530401
            ],
            [
                -5.207196188838812e-09,
                -0.7641692121337283,
                -0.6450158105989736
            ]
        ],
        "T": [
            2.1163162646010017e-08,
            2.0436301220456334e-09,
            4.031128937279837
        ]
    },
    "r_009": {
        "R": [
            [
                0.9962616566867792,
                0.04589825155036853,
                -0.0731859374012652
            ],
            [
                0.08638768065056548,
                -0.5293193094412428,
                0.8440131930414826
            ],
            [
                -6.275842283881774e-10,
                -0.8471801836034647,
                -0.5313056323864357
            ]
        ],
        "T": [
            -6.81510068807693e-09,
            9.043981466776128e-08,
            4.0311290182567285
        ]
    },
    "r_010": {
        "R": [
            [
                0.6551871043306992,
                -0.19450323970716263,
                0.7299988271613221
            ],
            [
                -0.7554666882086173,
                -0.16868515570972376,
                0.6330998188668663
            ],
            [
                2.6731859595917063e-09,
                -0.9662886763481549,
                -0.25746100009706196
            ]
        ],
        "T": [
            -5.678099035100286e-08,
            -3.3223913785901013e-08,
            4.031128408654267
        ]
    },
    "r_011": {
        "R": [
            [
                0.860529824559356,
                0.34748964329030485,
                -0.3724774370809793
            ],
            [
                0.5094001658256007,
                -0.5870143105693278,
                0.6292261946582789
            ],
            [
                -1.2550174380984412e-08,
                -0.7312079847675017,
                -0.6821546009901316
            ]
        ],
        "T": [
            -5.742777107200006e-09,
            8.324630505464573e-08,
            4.031128852618519
        ]
    },
    "r_012": {
        "R": [
            [
                -0.6588743964774191,
                -0.2526457586692829,
                0.7085581796942372
            ],
            [
                -0.7522529459026263,
                0.2212843759894464,
                -0.6206034907157834
            ],
            [
                -1.7380782382514985e-08,
                -0.9419148509120676,
                -0.3358521132350968
            ]
        ],
        "T": [
            1.231548263281442e-07,
            5.2700485796755594e-08,
            4.03112895432961
        ]
    },
    "r_013": {
        "R": [
            [
                0.16592041134099852,
                0.14224986264031853,
                -0.9758255031784551
            ],
            [
                0.9861391784892984,
                -0.023933899712346014,
                0.1641850996104784
            ],
            [
                -1.1456545379810443e-09,
                -0.9895414120149594,
                -0.14424927577805258
            ]
        ],
        "T": [
            7.459622119482256e-09,
            -1.4294481248168226e-08,
            4.031128960952931
        ]
    },
    "r_014": {
        "R": [
            [
                -0.9563203251036615,
                0.2806803365129289,
                -0.0816698758837837
            ],
            [
                0.29232075630934257,
                0.9182390719916421,
                -0.2671810908575163
            ],
            [
                -8.296060700116981e-09,
                -0.27938444142724383,
                -0.9601793034713176
            ]
        ],
        "T": [
            -2.365513239895316e-08,
            -5.004898192888721e-08,
            4.031128934201952
        ]
    },
    "r_015": {
        "R": [
            [
                0.9998744345462472,
                0.012184135854907132,
                -0.01012740210316819
            ],
            [
                0.01584353101182928,
                -0.768932534881577,
                0.6391335417636856
            ],
            [
                5.936451334321102e-10,
                -0.6392138374006711,
                -0.7690291464374364
            ]
        ],
        "T": [
            -1.025411231545437e-09,
            4.529012171280628e-08,
            4.031128999138474
        ]
    },
    "r_016": {
        "R": [
            [
                0.4224444268024546,
                0.15754167173737968,
                -0.8925925009219834
            ],
            [
                0.9063887590214852,
                -0.07342610709040391,
                0.41601432711748054
            ],
            [
                1.1335998156455717e-10,
                -0.9847787169492394,
                -0.1738124818053368
            ]
        ],
        "T": [
            -5.5054942675156635e-08,
            2.1209823992142254e-09,
            4.03112900778241
        ]
    },
    "r_017": {
        "R": [
            [
                0.6304435821864155,
                -0.6513828853740179,
                0.4221863134076519
            ],
            [
                -0.7762350997140638,
                -0.529040896129514,
                0.3428917624241116
            ],
            [
                -8.716569572953467e-09,
                -0.543889801611925,
                -0.8391567378700734
            ]
        ],
        "T": [
            -7.148398478934936e-09,
            -1.7343741552521895e-09,
            4.031128985082305
        ]
    },
    "r_018": {
        "R": [
            [
                0.9183759012024247,
                -0.3776708550962293,
                0.11811249028378763
            ],
            [
                -0.39570927221338853,
                -0.8765117298474153,
                0.27411959852938717
            ],
            [
                1.634451809622672e-09,
                -0.29848288855741767,
                -0.9544149091334236
            ]
        ],
        "T": [
            8.9575984077712e-09,
            6.494861002370231e-08,
            4.031128552514614
        ]
    },
    "r_019": {
        "R": [
            [
                0.9479119431359472,
                -0.13511752498608673,
                0.2884548890790021
            ],
            [
                -0.3185325305681471,
                -0.4020923921022901,
                0.858404739325258
            ],
            [
                -8.311226605355905e-09,
                -0.9055742926729136,
                -0.4241875321017609
            ]
        ],
        "T": [
            2.13704599921657e-08,
            -5.517421318432892e-08,
            4.0311289325203905
        ]
    },
    "r_020": {
        "R": [
            [
                -0.19415117345006636,
                -0.5180243250521591,
                0.8330403507244489
            ],
            [
                -0.9809716073640742,
                0.10252593389767257,
                -0.16487302970544715
            ],
            [
                -1.6607103112231012e-09,
                -0.8491992407247874,
                -0.5280726087795148
            ]
        ],
        "T": [
            7.87738006206749e-09,
            -4.7726654142748686e-08,
            4.0311288345284515
        ]
    },
    "r_021": {
        "R": [
            [
                -0.1721881739630232,
                -0.5070717622123841,
                0.8445291325438802
            ],
            [
                -0.9850639987435386,
                0.08863561865906756,
                -0.14762281735436047
            ],
            [
                -6.784375821924948e-09,
                -0.8573343082109471,
                -0.5147601998267722
            ]
        ],
        "T": [
            9.83040827334556e-09,
            -1.7026123999170225e-08,
            4.031128845729232
        ]
    },
    "r_022": {
        "R": [
            [
                -0.9124499953376375,
                0.34628450364014557,
                -0.21799511493943316
            ],
            [
                0.4091879504316095,
                0.7721812829586137,
                -0.4861082311311571
            ],
            [
                -3.200942247646897e-09,
                -0.532750463546386,
                -0.8462723985550421
            ]
        ],
        "T": [
            -3.938638886069764e-08,
            -6.414070090834293e-09,
            4.031128971066779
        ]
    },
    "r_023": {
        "R": [
            [
                0.15587150756001106,
                -0.5917493030506189,
                0.7909088155048778
            ],
            [
                -0.9877773912195141,
                -0.09337817415998942,
                0.1248055903710425
            ],
            [
                2.662255118969231e-09,
                -0.8006954036690521,
                -0.5990715457910123
            ]
        ],
        "T": [
            -9.754574794630659e-09,
            -3.972446427763963e-09,
            4.031128814153011
        ]
    },
    "r_024": {
        "R": [
            [
                -0.6293519232559259,
                0.5191557903597817,
                -0.5782676992565743
            ],
            [
                0.7771205449406607,
                0.4204388710046967,
                -0.46831071352479364
            ],
            [
                1.1957750675395245e-08,
                -0.7441159444195923,
                -0.6680505865621037
            ]
        ],
        "T": [
            1.2243895046021396e-08,
            1.1044978044507719e-07,
            4.0311289926402525
        ]
    },
    "r_025": {
        "R": [
            [
                -0.6975054098432362,
                0.4933420874027149,
                -0.5197113102273637
            ],
            [
                0.7165795893203403,
                0.4802101651898224,
                -0.505877454218525
            ],
            [
                1.3715453543139732e-08,
                -0.7252667762993655,
                -0.6884679844301684
            ]
        ],
        "T": [
            1.3364849874151494e-07,
            -2.7806436019651053e-08,
            4.031128866503932
        ]
    },
    "r_026": {
        "R": [
            [
                0.9668608275112546,
                0.055865259368894735,
                -0.24911686543833117
            ],
            [
                0.2553040094682176,
                -0.21156710917185623,
                0.943429524218546
            ],
            [
                -7.5280005038768e-10,
                -0.9757655315484817,
                -0.21881860064545638
            ]
        ],
        "T": [
            -8.645210375718735e-09,
            3.538199697502943e-08,
            4.0311289125062615
        ]
    },
    "r_027": {
        "R": [
            [
                0.9602748717122872,
                0.25642377027057817,
                -0.1100864762928617
            ],
            [
                0.27905583646752713,
                -0.8823943124922824,
                0.3788247595379119
            ],
            [
                -7.956046163937218e-09,
                -0.3944962432728529,
                -0.9188975811616903
            ]
        ],
        "T": [
            -2.1820426840611586e-09,
            -2.224744181327684e-08,
            4.031128907904044
        ]
    },
    "r_028": {
        "R": [
            [
                -0.32118823314482486,
                0.3022049840981678,
                -0.8975023532484054
            ],
            [
                0.9470153307579323,
                0.10249538706984675,
                -0.30439549653901987
            ],
            [
                1.283041203659096e-08,
                -0.9477167179883593,
                -0.31911308861921905
            ]
        ],
        "T": [
            2.29816546467717e-08,
            6.648200947046668e-08,
            4.031129304664438
        ]
    },
    "r_029": {
        "R": [
            [
                0.6125458621385964,
                0.4511476455649496,
                -0.6490403193638572
            ],
            [
                0.7904350333928046,
                -0.3496158325359438,
                0.5029723059279979
            ],
            [
                3.852402806002477e-09,
                -0.8211178777620884,
                -0.5707587346587746
            ]
        ],
        "T": [
            2.8479655921085435e-08,
            1.3137179725276945e-07,
            4.031128890204194
        ]
    },
    "r_030": {
        "R": [
            [
                0.0560200511693767,
                -0.3089674573034153,
                0.9494213221288051
            ],
            [
                -0.998429751652373,
                -0.017335594249415512,
                0.05327027951686694
            ],
            [
                -1.2820456558319424e-09,
                -0.9509146550630545,
                -0.3094534044308816
            ]
        ],
        "T": [
            -4.895583548534455e-09,
            2.430679323200572e-08,
            4.031128829121405
        ]
    },
    "r_031": {
        "R": [
            [
                -0.4443941531612409,
                -0.5107893363281835,
                0.7359402475290518
            ],
            [
                -0.8958313024968814,
                0.2533867616915586,
                -0.3650771518848981
            ],
            [
                -3.0411405227420904e-09,
                -0.8215165383888727,
                -0.5701847015125249
            ]
        ],
        "T": [
            4.627619110389275e-08,
            1.1250361024753393e-07,
            4.0311288901269124
        ]
    },
    "r_032": {
        "R": [
            [
                0.927386249737851,
                0.11731475776409662,
                -0.3552350841100265
            ],
            [
                0.37410521559321885,
                -0.2908168231511916,
                0.8806082717320488
            ],
            [
                4.989979236055302e-09,
                -0.9495592883611502,
                -0.3135875957232275
            ]
        ],
        "T": [
            4.628812226764379e-09,
            3.5735256280126644e-08,
            4.03112896652514
        ]
    },
    "r_033": {
        "R": [
            [
                -0.6861810980617279,
                -0.7216668713636784,
                0.09139200144994401
            ],
            [
                -0.7274308296720653,
                0.6807439669385229,
                -0.08620951866049228
            ],
            [
                -1.0039597630117533e-09,
                -0.12563655699311155,
                -0.9920764371402928
            ]
        ],
        "T": [
            4.7263083112394426e-09,
            -1.2824276186095975e-09,
            4.031129258585588
        ]
    },
    "r_034": {
        "R": [
            [
                -0.9996048885077412,
                -0.006923682232787141,
                0.02724000730427133
            ],
            [
                -0.0281061450580673,
                0.24624320554663337,
                -0.9688004868209119
            ],
            [
                6.793937188858855e-11,
                -0.9691832898524314,
                -0.24634053744715578
            ]
        ],
        "T": [
            4.0843657481362946e-09,
            -2.130843271284133e-08,
            4.03112901102495
        ]
    },
    "r_035": {
        "R": [
            [
                -0.493120771610165,
                -0.7527845440026688,
                0.4360589335432219
            ],
            [
                -0.8699609067850462,
                0.4267015764597284,
                -0.24717169853527318
            ],
            [
                1.0407216586606602e-08,
                -0.5012397058004049,
                -0.8653084208185708
            ]
        ],
        "T": [
            -2.864665289053935e-08,
            1.9681258922049426e-08,
            4.0311285573002325
        ]
    },
    "r_036": {
        "R": [
            [
                -0.9948137147439423,
                -0.0897003984698249,
                0.047952962544044755
            ],
            [
                -0.10171355252040763,
                0.8773185054812707,
                -0.46900595928448413
            ],
            [
                1.5790856699631045e-10,
                -0.47145106425833766,
                -0.8818922695917429
            ]
        ],
        "T": [
            3.2746855069994636e-09,
            2.751637019188867e-08,
            4.031129037955062
        ]
    },
    "r_037": {
        "R": [
            [
                -0.10548196940519843,
                0.8527455628600927,
                -0.5115647835013322
            ],
            [
                0.9944211258725062,
                0.09045391361463584,
                -0.05426359133423161
            ],
            [
                -4.2422284107897966e-10,
                -0.5144347212058354,
                -0.8575295811693937
            ]
        ],
        "T": [
            5.659683455260182e-10,
            5.206694503884921e-08,
            4.031128995484767
        ]
    },
    "r_038": {
        "R": [
            [
                0.27059168255886307,
                -0.8134357189798386,
                0.5148808919984541
            ],
            [
                -0.9626941934197077,
                -0.22863846524812528,
                0.14472143481765343
            ],
            [
                -9.957436590929294e-09,
                -0.5348332964323042,
                -0.8449575991092843
            ]
        ],
        "T": [
            -1.4584834120343235e-08,
            -2.628154971211729e-08,
            4.031128887922174
        ]
    },
    "r_039": {
        "R": [
            [
                0.5968063932491553,
                -0.7176125557738613,
                0.35896301328213487
            ],
            [
                -0.8023853128310278,
                -0.5337532362562051,
                0.26699317562502967
            ],
            [
                -3.755115706274667e-09,
                -0.44736994929947776,
                -0.8943490082434828
            ]
        ],
        "T": [
            -7.81848904771857e-08,
            1.065875889659544e-08,
            4.031128934578867
        ]
    },
    "r_040": {
        "R": [
            [
                -0.38377719393399456,
                0.37485158704589566,
                -0.8439203516491506
            ],
            [
                0.9234257928017652,
                0.15578890058187161,
                -0.35073460618959695
            ],
            [
                5.092098490738898e-09,
                -0.9139016447167322,
                -0.405935788064658
            ]
        ],
        "T": [
            -2.464233517997197e-08,
            -6.38159371330376e-08,
            4.031129263650471
        ]
    },
    "r_041": {
        "R": [
            [
                -0.855209659765965,
                -0.18925941273732563,
                0.48249098722994554
            ],
            [
                -0.5182824560248872,
                0.31229392536524103,
                -0.796150649397388
            ],
            [
                -9.347084125068731e-10,
                -0.930942142065359,
                -0.3651666078706202
            ]
        ],
        "T": [
            3.703577022619822e-08,
            -5.5607383524081025e-08,
            4.0311289541798825
        ]
    },
    "r_042": {
        "R": [
            [
                -0.6994231598608873,
                0.49026642161811657,
                -0.5200443544869895
            ],
            [
                0.7147078388763759,
                0.4797816411057441,
                -0.5089227465753188
            ],
            [
                8.763202758922842e-09,
                -0.7276321261854577,
                -0.6859676342852186
            ]
        ],
        "T": [
            -1.4167614285100691e-08,
            6.333578616261615e-08,
            4.031128931187745
        ]
    },
    "r_043": {
        "R": [
            [
                0.9614631569420757,
                -0.2119370252791942,
                0.17513235781630895
            ],
            [
                -0.2749339291378714,
                -0.7411585666469022,
                0.6124501465602525
            ],
            [
                -6.6476633325832056e-09,
                -0.636998037573511,
                -0.7708653993037038
            ]
        ],
        "T": [
            1.2066939768516685e-10,
            -5.1058703646622836e-08,
            4.031128842796586
        ]
    },
    "r_044": {
        "R": [
            [
                -0.35430004744797416,
                0.1902545719629326,
                -0.9155734063299248
            ],
            [
                0.9351318025710422,
                0.07208310697233021,
                -0.346889828236869
            ],
            [
                -3.035837485163597e-09,
                -0.9790849334178757,
                -0.20345215065011318
            ]
        ],
        "T": [
            -3.3374673648306595e-08,
            -1.220646182584007e-08,
            4.031128912550322
        ]
    },
    "r_045": {
        "R": [
            [
                0.9467025581331123,
                -0.18489011707569655,
                0.2637612191862528
            ],
            [
                -0.32210921784966845,
                -0.5434056172233026,
                0.7752134915444644
            ],
            [
                1.0547929277883014e-08,
                -0.8188565989369543,
                -0.5739981903324358
            ]
        ],
        "T": [
            2.5315234757154348e-08,
            -1.5695354922719803e-07,
            4.031128479885769
        ]
    },
    "r_046": {
        "R": [
            [
                -0.9548802263036157,
                0.22638898906351498,
                -0.19222859824304123
            ],
            [
                0.29699126079464,
                0.7278812874529892,
                -0.6180494915111476
            ],
            [
                -1.0540011699031788e-08,
                -0.6472534833214518,
                -0.7622749405914271
            ]
        ],
        "T": [
            2.7155639229365308e-08,
            4.821902909030756e-08,
            4.031128950326597
        ]
    },
    "r_047": {
        "R": [
            [
                0.3881922796901702,
                0.13247009690475262,
                -0.9120079204032059
            ],
            [
                0.921578308326425,
                -0.05579979154133148,
                0.38416099618732236
            ],
            [
                -4.239767942853148e-09,
                -0.9896151298649174,
                -0.14374262303946297
            ]
        ],
        "T": [
            -7.625029866268944e-08,
            1.4793934192275426e-08,
            4.0311290111326565
        ]
    },
    "r_048": {
        "R": [
            [
                -0.9925254153813786,
                0.06287911259854807,
                -0.10459137456687566
            ],
            [
                0.12203744183863649,
                0.5113931958829719,
                -0.8506373391165317
            ],
            [
                -4.0405784230124716e-09,
                -0.8570433354022915,
                -0.515244413403774
            ]
        ],
        "T": [
            -9.804805798174237e-09,
            -1.2220309455113644e-07,
            4.031128917624942
        ]
    },
    "r_049": {
        "R": [
            [
                -0.5503429710654092,
                -0.21975810369529336,
                0.8054991896534611
            ],
            [
                -0.8349386295741668,
                0.14485176144897402,
                -0.5309382202751687
            ],
            [
                -3.3591101361802017e-09,
                -0.9647405340972318,
                -0.26320270957023306
            ]
        ],
        "T": [
            1.4206666936213257e-07,
            3.6868943085799225e-08,
            4.031128932165375
        ]
    },
    "r_050": {
        "R": [
            [
                -0.3259776539142097,
                -0.31200232762888624,
                0.892408559597548
            ],
            [
                -0.9453774902855574,
                0.10758219614567592,
                -0.30771329810180137
            ],
            [
                -1.9120176642969817e-09,
                -0.9439707212753261,
                -0.3300293331681031
            ]
        ],
        "T": [
            -6.506501640073056e-08,
            2.5431981822362967e-08,
            4.031128482313381
        ]
    },
    "r_051": {
        "R": [
            [
                -0.9161830528028094,
                0.31892002574398104,
                -0.24269026477947328
            ],
            [
                0.4007599552149985,
                0.7290875759885601,
                -0.5548176893328489
            ],
            [
                -1.1815174742698538e-08,
                -0.6055751563785834,
                -0.7957881374378489
            ]
        ],
        "T": [
            5.106453621902917e-08,
            -1.1854144731670568e-08,
            4.031128808882955
        ]
    },
    "r_052": {
        "R": [
            [
                0.9802993691797238,
                -0.13013632944445136,
                0.1485858436544691
            ],
            [
                -0.19751765860282902,
                -0.6458793053403866,
                0.7374460451793204
            ],
            [
                -2.5649531135928004e-10,
                -0.7522662403742209,
                -0.6588593173132941
            ]
        ],
        "T": [
            4.182633319877573e-09,
            -6.89103378442109e-08,
            4.031128853663012
        ]
    },
    "r_053": {
        "R": [
            [
                -0.22547301322158592,
                -0.7448598312142,
                0.6279694737276277
            ],
            [
                -0.9742494008619846,
                0.172384817510039,
                -0.1453325728457792
            ],
            [
                -1.4353797386222384e-09,
                -0.6445675307439037,
                -0.7645473897157491
            ]
        ],
        "T": [
            1.8034842635817296e-08,
            1.4513186661711238e-08,
            4.031128444609648
        ]
    },
    "r_054": {
        "R": [
            [
                0.9882175817806208,
                0.14875976471815414,
                -0.03600898904389588
            ],
            [
                0.15305594416504723,
                -0.9604790042011552,
                0.2324948416307267
            ],
            [
                -8.456357857821386e-10,
                -0.23526702528922633,
                -0.9719307787810852
            ]
        ],
        "T": [
            -3.6097357729759088e-09,
            -1.5307348378873395e-08,
            4.031128844576753
        ]
    },
    "r_055": {
        "R": [
            [
                -0.9818536860980613,
                0.03729239188376273,
                -0.18593734705725162
            ],
            [
                0.1896402495114737,
                0.1930796569220197,
                -0.962682128051861
            ],
            [
                -2.1749225678770282e-10,
                -0.980474085211022,
                -0.19664812411781904
            ]
        ],
        "T": [
            -1.0910518118234017e-08,
            2.6092073091711e-09,
            4.031128975457673
        ]
    },
    "r_056": {
        "R": [
            [
                0.18019557940782482,
                -0.4598951274646823,
                0.8694975670415291
            ],
            [
                -0.9836307654791916,
                -0.08425016974166238,
                0.15928702151647908
            ],
            [
                -2.961208786633459e-09,
                -0.8839673230511085,
                -0.4675485611295093
            ]
        ],
        "T": [
            -2.6608543757429425e-08,
            4.541293822378899e-09,
            4.031128870301432
        ]
    },
    "r_057": {
        "R": [
            [
                -0.28221236281667655,
                0.3729073294036801,
                -0.8839097086351031
            ],
            [
                0.9593519757167226,
                0.10969804547542963,
                -0.2600194933675974
            ],
            [
                -7.218822273649647e-09,
                -0.9213612466303915,
                -0.38870757090040375
            ]
        ],
        "T": [
            -5.659524050745844e-08,
            3.703808857894939e-08,
            4.031128976778767
        ]
    },
    "r_058": {
        "R": [
            [
                0.45765625396941056,
                -0.12799067104161552,
                0.8798687715862098
            ],
            [
                -0.8891290735441233,
                -0.06587989530298323,
                0.4528897755283059
            ],
            [
                -2.705462803100279e-09,
                -0.9895849530269825,
                -0.14395057254118387
            ]
        ],
        "T": [
            3.821522076944388e-10,
            4.150427207191298e-09,
            4.031128832090159
        ]
    },
    "r_059": {
        "R": [
            [
                -0.6188214598581624,
                0.12901744991488392,
                -0.7748641227767044
            ],
            [
                0.7855316495316317,
                0.10163660078915454,
                -0.6104178009553712
            ],
            [
                1.0193881228313334e-08,
                -0.9864201113913806,
                -0.16424217600538765
            ]
        ],
        "T": [
            -8.873272918745252e-08,
            2.9012201727871168e-08,
            4.0311285354366
        ]
    },
    "r_060": {
        "R": [
            [
                -0.5838757485066081,
                0.6613863219966932,
                -0.470804845586661
            ],
            [
                0.8118429067186707,
                0.475667651721856,
                -0.3386018321973034
            ],
            [
                1.5214446545530524e-08,
                -0.5799210673699561,
                -0.814672729507112
            ]
        ],
        "T": [
            -8.679466018205462e-09,
            -7.45730760643877e-08,
            4.03112895993725
        ]
    },
    "r_061": {
        "R": [
            [
                -0.7703918174722766,
                -0.20358054877668666,
                0.6041948777303491
            ],
            [
                -0.6375708064635603,
                0.24599117900281323,
                -0.730062922088799
            ],
            [
                5.73280218700903e-09,
                -0.947651492334615,
                -0.31930658117327193
            ]
        ],
        "T": [
            2.863883717921972e-08,
            1.3437767990010057e-08,
            4.03112888484651
        ]
    },
    "r_062": {
        "R": [
            [
                0.3210799396186826,
                -0.636455147720563,
                0.701307773009856
            ],
            [
                -0.9470521504824206,
                -0.21577793951351965,
                0.23776498118815154
            ],
            [
                5.5501283065907175e-09,
                -0.7405166467973711,
                -0.6720381346058784
            ]
        ],
        "T": [
            4.573598706509176e-08,
            -6.243345286108123e-08,
            4.031128959374379
        ]
    },
    "r_063": {
        "R": [
            [
                0.9903416437360132,
                0.05842510002795724,
                -0.1257377277238347
            ],
            [
                0.13864872658689956,
                -0.417319451974834,
                0.8981208350719573
            ],
            [
                2.748988771513592e-09,
                -0.9068798456819964,
                -0.4213893723674541
            ]
        ],
        "T": [
            8.49866496261211e-09,
            7.270605527303149e-08,
            4.031128850314001
        ]
    },
    "r_064": {
        "R": [
            [
                -0.8473805687042462,
                -0.4482273388100024,
                0.28467219944724537
            ],
            [
                -0.5309858221054026,
                0.7153093463405187,
                -0.45429781313585427
            ],
            [
                6.205408638256409e-09,
                -0.536120086685258,
                -0.8441417101133596
            ]
        ],
        "T": [
            -4.201733216702283e-09,
            4.476235836948758e-08,
            4.031128990572776
        ]
    },
    "r_065": {
        "R": [
            [
                0.29301888384135405,
                0.9531797024275659,
                -0.07475722010144258
            ],
            [
                0.9561067249472268,
                -0.2921218081061639,
                0.022910909925385657
            ],
            [
                6.013930616196305e-10,
                -0.07818892613588084,
                -0.9969385717584467
            ]
        ],
        "T": [
            -8.691240531647557e-10,
            -1.1461846961663474e-09,
            4.0311290552119265
        ]
    },
    "r_066": {
        "R": [
            [
                -0.8576252312425254,
                0.4717435363187623,
                -0.20478516101890637
            ],
            [
                0.514275205534949,
                0.7866979091537714,
                -0.341507685203921
            ],
            [
                1.4907754372992945e-08,
                -0.3982014797270668,
                -0.9172979055850384
            ]
        ],
        "T": [
            -1.7087674091352905e-09,
            1.8095104115159953e-08,
            4.031128849893751
        ]
    },
    "r_067": {
        "R": [
            [
                -0.7652967383070919,
                -0.18921532030749716,
                0.6152386935817203
            ],
            [
                -0.6436778265407617,
                0.22496637306854148,
                -0.7314841226408998
