{
    "r_000": {
        "inv_matrix": [
            [
                0.8158209165206826,
                0.578304542408222,
                -4.312577961080504e-09,
                2.049252755790268e-08
            ],
            [
                -0.08080814637990842,
                0.11399700226424626,
                0.9901892816585431,
                2.375419852866237e-08
            ],
            [
                0.5726309739581598,
                -0.8078171559264289,
                0.13973287064736503,
                -4.031128914911734
            ],
            [
                0.0,
                0.0,
                0.0,
                1.0
            ]
        ]
    },
    "r_001": {
        "inv_matrix": [
            [
                -0.5398983776364042,
                -0.8417301278127851,
                -8.898216152552388e-10,
                -4.781100913527954e-08
            ],
            [
                0.34347307302473873,
                -0.22030880364785252,
                0.9129569720738145,
                1.0834302962420025e-08
            ],
            [
                -0.7684633879280378,
                0.49290399433846677,
                0.40805599487117855,
                -4.031128952941601
            ],
            [
                0.0,
                0.0,
                0.0,
                1.0
            ]
        ]
    },
    "r_002": {
        "inv_matrix": [
            [
                0.6971422335256036,
                0.7169328500006099,
                -5.348841734933109e-09,
                -2.3802002836853855e-08
            ],
            [
                0.15993563174116132,
                -0.15552067457925234,
                0.9747993837669143,
                -4.484386703971194e-09
            ],
            [
                0.6988657808129558,
                -0.6795739257082369,
                -0.22308318057594337,
                -4.031129303794485
            ],
            [
                0.0,
                0.0,
                0.0,
                1.0
            ]
        ]
    },
    "r_003": {
        "inv_matrix": [
            [
                -0.5612495131747277,
                -0.8276466480036541,
                3.8122198095858365e-09,
                2.0543002621844872e-08
            ],
            [
                0.42193650556473106,
                -0.2861265057728224,
                0.8602913301629947,
                9.035751344949407e-09
            ],
            [
                -0.7120172796608001,
                0.48283808959962243,
                0.509802714827124,
                -4.031128954915095
            ],
            [
                0.0,
                0.0,
                0.0,
                1.0
            ]
        ]
    },
    "r_004": {
        "inv_matrix": [
            [
                -0.5609073753803149,
                0.8278785811810071,
                -6.354179303683712e-09,
                -2.697185818519142e-09
            ],
            [
                -0.8081332698621635,
                -0.5475293785253753,
                0.2170996940433135,
                -1.3970912215096877e-08
            ],
            [
                0.17973211058330366,
                0.1217727594312458,
                0.9761494563416546,
                -4.031128886248479
            ],
            [
                0.0,
                0.0,
                0.0,
                1.0
            ]
        ]
    },
    "r_005": {
        "inv_matrix": [
            [
                -0.9401825622780171,
                0.3406712969524692,
                2.797563144903018e-09,
                1.0154671725719716e-08
            ],
            [
                -0.15275845604340324,
                -0.4215818436063653,
                0.8938307793316892,
                -4.064848707358644e-08
            ],
            [
                0.3045024854892716,
                0.8403640789535939,
                0.44840432777223616,
                -4.031128823278917
            ],
            [
                0.0,
                0.0,
                0.0,
                1.0
            ]
        ]
    },
    "r_006": {
        "inv_matrix": [
            [
                0.3799972271845225,
                -0.9249876505587832,
                -1.3160427366572333e-08,
                1.8283214977736293e-08
            ],
            [
                0.5935681675478118,
                0.243845672228486,
                0.7669524221913433,
                -9.456275959086922e-08
            ],
            [
                -0.7094215734803532,
                -0.2914398123715639,
                0.6417039211173972,
                -4.031128982684844
            ],
            [
                0.0,
                0.0,
                0.0,
                1.0
            ]
        ]
    },
    "r_007": {
        "inv_matrix": [
            [
                -0.9340110441817755,
                0.3572442302722075,
                -3.464308328638588e-09,
                4.566012171565855e-09
            ],
            [
                -0.33960583166037484,
                -0.8878956744648234,
                0.31033726117819876,
                -4.5661635705265786e-08
            ],
            [
                0.11086621567647023,
                0.28985851130037804,
                0.9506265274364963,
                -4.03112896943634
            ],
            [
                0.0,
                0.0,
                0.0,
                1.0
            ]
        ]
    },
    "r_008": {
        "inv_matrix": [
            [
                0.9817772984295665,
                -0.19003522169021372,
                -5.207196188838812e-09,
                2.1163162646010017e-08
            ],
            [
                0.12257572861836014,
                0.6332618926545658,
                0.7641692121337283,
                -2.0436301220456334e-09
            ],
            [
                -0.14521905657180137,
                -0.750243976530401,
                0.6450158105989736,
                -4.031128937279837
            ],
            [
                0.0,
                0.0,
                0.0,
                1.0
            ]
        ]
    },
    "r_009": {
        "inv_matrix": [
            [
                0.9962616566867792,
                0.08638768065056548,
                -6.275842283881774e-10,
                -6.81510068807693e-09
            ],
            [
                -0.04589825155036853,
                0.5293193094412428,
                0.8471801836034647,
                -9.043981466776128e-08
            ],
            [
                0.0731859374012652,
                -0.8440131930414826,
                0.5313056323864357,
                -4.0311290182567285
            ],
            [
                0.0,
                0.0,
                0.0,
                1.0
            ]
        ]
    },
    "r_010": {
        "inv_matrix": [
            [
                0.6551871043306992,
                -0.7554666882086173,
                2.6731859595917063e-09,
                -5.678099035100286e-08
            ],
            [
                0.19450323970716263,
                0.16868515570972376,
                0.9662886763481549,
                3.3223913785901013e-08
            ],
            [
                -0.7299988271613221,
                -0.6330998188668663,
                0.25746100009706196,
                -4.031128408654267
            ],
            [
                0.0,
                0.0,
                0.0,
                1.0
            ]
        ]
    },
    "r_011": {
        "inv_matrix": [
            [
                0.860529824559356,
                0.5094001658256007,
                -1.2550174380984412e-08,
                -5.742777107200006e-09
            ],
            [
                -0.34748964329030485,
                0.5870143105693278,
                0.7312079847675017,
                -8.324630505464573e-08
            ],
            [
                0.3724774370809793,
                -0.6292261946582789,
                0.6821546009901316,
                -4.031128852618519
            ],
            [
                0.0,
                0.0,
                0.0,
                1.0
            ]
        ]
    },
    "r_012": {
        "inv_matrix": [
            [
                -0.6588743964774191,
                -0.7522529459026263,
                -1.7380782382514985e-08,
                1.231548263281442e-07
            ],
            [
                0.2526457586692829,
                -0.2212843759894464,
                0.9419148509120676,
                -5.2700485796755594e-08
            ],
            [
                -0.7085581796942372,
                0.6206034907157834,
                0.3358521132350968,
                -4.03112895432961
            ],
            [
                0.0,
                0.0,
                0.0,
                1.0
            ]
        ]
    },
    "r_013": {
        "inv_matrix": [
            [
                0.16592041134099852,
                0.9861391784892984,
                -1.1456545379810443e-09,
                7.459622119482256e-09
            ],
            [
                -0.14224986264031853,
                0.023933899712346014,
                0.9895414120149594,
                1.4294481248168226e-08
            ],
            [
                0.9758255031784551,
                -0.1641850996104784,
                0.14424927577805258,
                -4.031128960952931
            ],
            [
                0.0,
                0.0,
                0.0,
                1.0
            ]
        ]
    },
    "r_014": {
        "inv_matrix": [
            [
                -0.9563203251036615,
                0.29232075630934257,
                -8.296060700116981e-09,
                -2.365513239895316e-08
            ],
            [
                -0.2806803365129289,
                -0.9182390719916421,
                0.27938444142724383,
                5.004898192888721e-08
            ],
            [
                0.0816698758837837,
                0.2671810908575163,
                0.9601793034713176,
                -4.031128934201952
            ],
            [
                0.0,
                0.0,
                0.0,
                1.0
            ]
        ]
    },
    "r_015": {
        "inv_matrix": [
            [
                0.9998744345462472,
                0.01584353101182928,
                5.936451334321102e-10,
                -1.025411231545437e-09
            ],
            [
                -0.012184135854907132,
                0.768932534881577,
                0.6392138374006711,
                -4.529012171280628e-08
            ],
            [
                0.01012740210316819,
                -0.6391335417636856,
                0.7690291464374364,
                -4.031128999138474
            ],
            [
                0.0,
                0.0,
                0.0,
                1.0
            ]
        ]
    },
    "r_016": {
        "inv_matrix": [
            [
                0.4224444268024546,
                0.9063887590214852,
                1.1335998156455717e-10,
                -5.5054942675156635e-08
            ],
            [
                -0.15754167173737968,
                0.07342610709040391,
                0.9847787169492394,
                -2.1209823992142254e-09
            ],
            [
                0.8925925009219834,
                -0.41601432711748054,
                0.1738124818053368,
                -4.03112900778241
            ],
            [
                0.0,
                0.0,
                0.0,
                1.0
            ]
        ]
    },
    "r_017": {
        "inv_matrix": [
            [
                0.6304435821864155,
                -0.7762350997140638,
                -8.716569572953467e-09,
                -7.148398478934936e-09
            ],
            [
                0.6513828853740179,
                0.529040896129514,
                0.543889801611925,
                1.7343741552521895e-09
            ],
            [
                -0.4221863134076519,
                -0.3428917624241116,
                0.8391567378700734,
                -4.031128985082305
            ],
            [
                0.0,
                0.0,
                0.0,
                1.0
            ]
        ]
    },
    "r_018": {
        "inv_matrix": [
            [
                0.9183759012024247,
                -0.39570927221338853,
                1.634451809622672e-09,
                8.9575984077712e-09
            ],
            [
                0.3776708550962293,
                0.8765117298474153,
                0.29848288855741767,
                -6.494861002370231e-08
            ],
            [
                -0.11811249028378763,
                -0.27411959852938717,
                0.9544149091334236,
                -4.031128552514614
            ],
            [
                0.0,
                0.0,
                0.0,
                1.0
            ]
        ]
    },
    "r_019": {
        "inv_matrix": [
            [
                0.9479119431359472,
                -0.3185325305681471,
                -8.311226605355905e-09,
                2.13704599921657e-08
            ],
            [
                0.13511752498608673,
                0.4020923921022901,
                0.9055742926729136,
                5.517421318432892e-08
            ],
            [
                -0.2884548890790021,
                -0.858404739325258,
                0.4241875321017609,
                -4.0311289325203905
            ],
            [
                0.0,
                0.0,
                0.0,
                1.0
            ]
        ]
    },
    "r_020": {
        "inv_matrix": [
            [
                -0.19415117345006636,
                -0.9809716073640742,
                -1.6607103112231012e-09,
                7.87738006206749e-09
            ],
            [
                0.5180243250521591,
                -0.10252593389767257,
                0.8491992407247874,
                4.7726654142748686e-08
            ],
            [
                -0.8330403507244489,
                0.16487302970544715,
                0.5280726087795148,
                -4.0311288345284515
            ],
            [
                0.0,
                0.0,
                0.0,
                1.0
            ]
        ]
    },
    "r_021": {
        "inv_matrix": [
            [
                -0.1721881739630232,
                -0.9850639987435386,
                -6.784375821924948e-09,
                9.83040827334556e-09
            ],
            [
                0.5070717622123841,
                -0.08863561865906756,
                0.8573343082109471,
                1.7026123999170225e-08
            ],
            [
                -0.8445291325438802,
                0.14762281735436047,
                0.5147601998267722,
                -4.031128845729232
            ],
            [
                0.0,
                0.0,
                0.0,
                1.0
            ]
        ]
    },
    "r_022": {
        "inv_matrix": [
            [
                -0.9124499953376375,
                0.4091879504316095,
                -3.200942247646897e-09,
                -3.938638886069764e-08
            ],
            [
                -0.34628450364014557,
                -0.7721812829586137,
                0.532750463546386,
                6.414070090834293e-09
            ],
            [
                0.21799511493943316,
                0.4861082311311571,
                0.8462723985550421,
                -4.031128971066779
            ],
            [
                0.0,
                0.0,
                0.0,
                1.0
            ]
        ]
    },
    "r_023": {
        "inv_matrix": [
            [
                0.15587150756001106,
                -0.9877773912195141,
                2.662255118969231e-09,
                -9.754574794630659e-09
            ],
            [
                0.5917493030506189,
                0.09337817415998942,
                0.8006954036690521,
                3.972446427763963e-09
            ],
            [
                -0.7909088155048778,
                -0.1248055903710425,
                0.5990715457910123,
                -4.031128814153011
            ],
            [
                0.0,
                0.0,
                0.0,
                1.0
            ]
        ]
    },
    "r_024": {
        "inv_matrix": [
            [
                -0.6293519232559259,
                0.7771205449406607,
                1.1957750675395245e-08,
                1.2243895046021396e-08
            ],
            [
                -0.5191557903597817,
                -0.4204388710046967,
                0.7441159444195923,
                -1.1044978044507719e-07
            ],
            [
                0.5782676992565743,
                0.46831071352479364,
                0.6680505865621037,
                -4.0311289926402525
            ],
            [
                0.0,
                0.0,
                0.0,
                1.0
            ]
        ]
    },
    "r_025": {
        "inv_matrix": [
            [
                -0.6975054098432362,
                0.7165795893203403,
                1.3715453543139732e-08,
                1.3364849874151494e-07
            ],
            [
                -0.4933420874027149,
                -0.4802101651898224,
                0.7252667762993655,
                2.7806436019651053e-08
            ],
            [
                0.5197113102273637,
                0.505877454218525,
                0.6884679844301684,
                -4.031128866503932
            ],
            [
                0.0,
                0.0,
                0.0,
                1.0
            ]
        ]
    },
    "r_026": {
        "inv_matrix": [
            [
                0.9668608275112546,
                0.2553040094682176,
                -7.5280005038768e-10,
                -8.645210375718735e-09
            ],
            [
                -0.055865259368894735,
                0.21156710917185623,
                0.9757655315484817,
                -3.538199697502943e-08
            ],
            [
                0.24911686543833117,
                -0.943429524218546,
                0.21881860064545638,
                -4.0311289125062615
            ],
            [
                0.0,
                0.0,
                0.0,
                1.0
            ]
        ]
    },
    "r_027": {
        "inv_matrix": [
            [
                0.9602748717122872,
                0.27905583646752713,
                -7.956046163937218e-09,
                -2.1820426840611586e-09
            ],
            [
                -0.25642377027057817,
                0.8823943124922824,
                0.3944962432728529,
                2.224744181327684e-08
            ],
            [
                0.1100864762928617,
                -0.3788247595379119,
                0.9188975811616903,
                -4.031128907904044
            ],
            [
                0.0,
                0.0,
                0.0,
                1.0
            ]
        ]
    },
    "r_028": {
        "inv_matrix": [
            [
                -0.32118823314482486,
                0.9470153307579323,
                1.283041203659096e-08,
                2.29816546467717e-08
            ],
            [
                -0.3022049840981678,
                -0.10249538706984675,
                0.9477167179883593,
                -6.648200947046668e-08
            ],
            [
                0.8975023532484054,
                0.30439549653901987,
                0.31911308861921905,
                -4.031129304664438
            ],
            [
                0.0,
                0.0,
                0.0,
                1.0
            ]
        ]
    },
    "r_029": {
        "inv_matrix": [
            [
                0.6125458621385964,
                0.7904350333928046,
                3.852402806002477e-09,
                2.8479655921085435e-08
            ],
            [
                -0.4511476455649496,
                0.3496158325359438,
                0.8211178777620884,
                -1.3137179725276945e-07
            ],
            [
                0.6490403193638572,
                -0.5029723059279979,
                0.5707587346587746,
                -4.031128890204194
            ],
            [
                0.0,
                0.0,
                0.0,
                1.0
            ]
        ]
    },
    "r_030": {
        "inv_matrix": [
            [
                0.0560200511693767,
                -0.998429751652373,
                -1.2820456558319424e-09,
                -4.895583548534455e-09
            ],
            [
                0.3089674573034153,
                0.017335594249415512,
                0.9509146550630545,
                -2.430679323200572e-08
            ],
            [
                -0.9494213221288051,
                -0.05327027951686694,
                0.3094534044308816,
                -4.031128829121405
            ],
            [
                0.0,
                0.0,
                0.0,
                1.0
            ]
        ]
    },
    "r_031": {
        "inv_matrix": [
            [
                -0.4443941531612409,
                -0.8958313024968814,
                -3.0411405227420904e-09,
                4.627619110389275e-08
            ],
            [
                0.5107893363281835,
                -0.2533867616915586,
                0.8215165383888727,
                -1.1250361024753393e-07
            ],
            [
                -0.7359402475290518,
                0.3650771518848981,
                0.5701847015125249,
                -4.0311288901269124
            ],
            [
                0.0,
                0.0,
                0.0,
                1.0
            ]
        ]
    },
    "r_032": {
        "inv_matrix": [
            [
                0.927386249737851,
                0.37410521559321885,
                4.989979236055302e-09,
                4.628812226764379e-09
            ],
            [
                -0.11731475776409662,
                0.2908168231511916,
                0.9495592883611502,
                -3.5735256280126644e-08
            ],
            [
                0.3552350841100265,
                -0.8806082717320488,
                0.3135875957232275,
                -4.03112896652514
            ],
            [
                0.0,
                0.0,
                0.0,
                1.0
            ]
        ]
    },
    "r_033": {
        "inv_matrix": [
            [
                -0.6861810980617279,
                -0.7274308296720653,
                -1.0039597630117533e-09,
                4.7263083112394426e-09
            ],
            [
                0.7216668713636784,
                -0.6807439669385229,
                0.12563655699311155,
                1.2824276186095975e-09
            ],
            [
                -0.09139200144994401,
                0.08620951866049228,
                0.9920764371402928,
                -4.031129258585588
            ],
            [
                0.0,
                0.0,
                0.0,
                1.0
            ]
        ]
    },
    "r_034": {
        "inv_matrix": [
            [
                -0.9996048885077412,
                -0.0281061450580673,
                6.793937188858855e-11,
                4.0843657481362946e-09
            ],
            [
                0.006923682232787141,
                -0.24624320554663337,
                0.9691832898524314,
                2.130843271284133e-08
            ],
            [
                -0.02724000730427133,
                0.9688004868209119,
                0.24634053744715578,
                -4.03112901102495
            ],
            [
                0.0,
                0.0,
                0.0,
                1.0
            ]
        ]
    },
    "r_035": {
        "inv_matrix": [
            [
                -0.493120771610165,
                -0.8699609067850462,
                1.0407216586606602e-08,
                -2.864665289053935e-08
            ],
            [
                0.7527845440026688,
                -0.4267015764597284,
                0.5012397058004049,
                -1.9681258922049426e-08
            ],
            [
                -0.4360589335432219,
                0.24717169853527318,
                0.8653084208185708,
                -4.0311285573002325
            ],
            [
                0.0,
                0.0,
                0.0,
                1.0
            ]
        ]
    },
    "r_036": {
        "inv_matrix": [
            [
                -0.9948137147439423,
                -0.10171355252040763,
                1.5790856699631045e-10,
                3.2746855069994636e-09
            ],
            [
                0.0897003984698249,
                -0.8773185054812707,
                0.47145106425833766,
                -2.751637019188867e-08
            ],
            [
                -0.047952962544044755,
                0.46900595928448413,
                0.8818922695917429,
                -4.031129037955062
            ],
            [
                0.0,
                0.0,
                0.0,
                1.0
            ]
        ]
    },
    "r_037": {
        "inv_matrix": [
            [
                -0.10548196940519843,
                0.9944211258725062,
                -4.2422284107897966e-10,
                5.659683455260182e-10
            ],
            [
                -0.8527455628600927,
                -0.09045391361463584,
                0.5144347212058354,
                -5.206694503884921e-08
            ],
            [
                0.5115647835013322,
                0.05426359133423161,
                0.8575295811693937,
                -4.031128995484767
            ],
            [
                0.0,
                0.0,
                0.0,
                1.0
            ]
        ]
    },
    "r_038": {
        "inv_matrix": [
            [
                0.27059168255886307,
                -0.9626941934197077,
                -9.957436590929294e-09,
                -1.4584834120343235e-08
            ],
            [
                0.8134357189798386,
                0.22863846524812528,
                0.5348332964323042,
                2.628154971211729e-08
            ],
            [
                -0.5148808919984541,
                -0.14472143481765343,
                0.8449575991092843,
                -4.031128887922174
            ],
            [
                0.0,
                0.0,
                0.0,
                1.0
            ]
        ]
    },
    "r_039": {
        "inv_matrix": [
            [
                0.5968063932491553,
                -0.8023853128310278,
                -3.755115706274667e-09,
                -7.81848904771857e-08
            ],
            [
                0.7176125557738613,
                0.5337532362562051,
                0.44736994929947776,
                -1.065875889659544e-08
            ],
            [
                -0.35896301328213487,
                -0.26699317562502967,
                0.8943490082434828,
                -4.031128934578867
            ],
            [
                0.0,
                0.0,
                0.0,
                1.0
            ]
        ]
    },
    "r_040": {
        "inv_matrix": [
            [
                -0.38377719393399456,
                0.9234257928017652,
                5.092098490738898e-09,
                -2.464233517997197e-08
            ],
            [
                -0.37485158704589566,
                -0.15578890058187161,
                0.9139016447167322,
                6.38159371330376e-08
            ],
            [
                0.8439203516491506,
                0.35073460618959695,
                0.405935788064658,
                -4.031129263650471
            ],
            [
                0.0,
                0.0,
                0.0,
                1.0
            ]
        ]
    },
    "r_041": {
        "inv_matrix": [
            [
                -0.855209659765965,
                -0.5182824560248872,
                -9.347084125068731e-10,
                3.703577022619822e-08
            ],
            [
                0.18925941273732563,
                -0.31229392536524103,
                0.930942142065359,
                5.5607383524081025e-08
            ],
            [
                -0.48249098722994554,
                0.796150649397388,
                0.3651666078706202,
                -4.0311289541798825
            ],
            [
                0.0,
                0.0,
                0.0,
                1.0
            ]
        ]
    },
    "r_042": {
        "inv_matrix": [
            [
                -0.6994231598608873,
                0.7147078388763759,
                8.763202758922842e-09,
                -1.4167614285100691e-08
            ],
            [
                -0.49026642161811657,
                -0.4797816411057441,
                0.7276321261854577,
                -6.333578616261615e-08
            ],
            [
                0.5200443544869895,
                0.5089227465753188,
                0.6859676342852186,
                -4.031128931187745
            ],
            [
                0.0,
                0.0,
                0.0,
                1.0
            ]
        ]
    },
    "r_043": {
        "inv_matrix": [
            [
                0.9614631569420757,
                -0.2749339291378714,
                -6.6476633325832056e-09,
                1.2066939768516685e-10
            ],
            [
                0.2119370252791942,
                0.7411585666469022,
                0.636998037573511,
                5.1058703646622836e-08
            ],
            [
                -0.17513235781630895,
                -0.6124501465602525,
                0.7708653993037038,
                -4.031128842796586
            ],
            [
                0.0,
                0.0,
                0.0,
                1.0
            ]
        ]
    },
    "r_044": {
        "inv_matrix": [
            [
                -0.35430004744797416,
                0.9351318025710422,
                -3.035837485163597e-09,
                -3.3374673648306595e-08
            ],
            [
                -0.1902545719629326,
                -0.07208310697233021,
                0.9790849334178757,
                1.220646182584007e-08
            ],
            [
                0.9155734063299248,
                0.346889828236869,
                0.20345215065011318,
                -4.031128912550322
            ],
            [
                0.0,
                0.0,
                0.0,
                1.0
            ]
        ]
    },
    "r_045": {
        "inv_matrix": [
            [
                0.9467025581331123,
                -0.32210921784966845,
                1.0547929277883014e-08,
                2.5315234757154348e-08
            ],
            [
                0.18489011707569655,
                0.5434056172233026,
                0.8188565989369543,
                1.5695354922719803e-07
            ],
            [
                -0.2637612191862528,
                -0.7752134915444644,
                0.5739981903324358,
                -4.031128479885769
            ],
            [
                0.0,
                0.0,
                0.0,
                1.0
            ]
        ]
    },
    "r_046": {
        "inv_matrix": [
            [
                -0.9548802263036157,
                0.29699126079464,
                -1.0540011699031788e-08,
                2.7155639229365308e-08
            ],
            [
                -0.22638898906351498,
                -0.7278812874529892,
                0.6472534833214518,
                -4.821902909030756e-08
            ],
            [
                0.19222859824304123,
                0.6180494915111476,
                0.7622749405914271,
                -4.031128950326597
            ],
            [
                0.0,
                0.0,
                0.0,
                1.0
            ]
        ]
    },
    "r_047": {
        "inv_matrix": [
            [
                0.3881922796901702,
                0.921578308326425,
                -4.239767942853148e-09,
                -7.625029866268944e-08
            ],
            [
                -0.13247009690475262,
                0.05579979154133148,
                0.9896151298649174,
                -1.4793934192275426e-08
            ],
            [
                0.9120079204032059,
                -0.38416099618732236,
                0.14374262303946297,
                -4.0311290111326565
            ],
            [
                0.0,
                0.0,
                0.0,
                1.0
            ]
        ]
    },
    "r_048": {
        "inv_matrix": [
            [
                -0.9925254153813786,
                0.12203744183863649,
                -4.0405784230124716e-09,
                -9.804805798174237e-09
            ],
            [
                -0.06287911259854807,
                -0.5113931958829719,
                0.8570433354022915,
                1.2220309455113644e-07
            ],
            [
                0.10459137456687566,
                0.8506373391165317,
                0.515244413403774,
                -4.031128917624942
            ],
            [
                0.0,
                0.0,
                0.0,
                1.0
            ]
        ]
    },
    "r_049": {
        "inv_matrix": [
            [
                -0.5503429710654092,
                -0.8349386295741668,
                -3.3591101361802017e-09,
                1.4206666936213257e-07
            ],
            [
                0.21975810369529336,
                -0.14485176144897402,
                0.9647405340972318,
                -3.6868943085799225e-08
            ],
            [
                -0.8054991896534611,
                0.5309382202751687,
                0.26320270957023306,
                -4.031128932165375
            ],
            [
                0.0,
                0.0,
                0.0,
                1.0
            ]
        ]
    },
    "r_050": {
        "inv_matrix": [
            [
                -0.3259776539142097,
                -0.9453774902855574,
                -1.9120176642969817e-09,
                -6.506501640073056e-08
            ],
            [
                0.31200232762888624,
                -0.10758219614567592,
                0.9439707212753261,
                -2.5431981822362967e-08
            ],
            [
                -0.892408559597548,
                0.30771329810180137,
                0.3300293331681031,
                -4.031128482313381
            ],
            [
                0.0,
                0.0,
                0.0,
                1.0
            ]
        ]
    },
    "r_051": {
        "inv_matrix": [
            [
                -0.9161830528028094,
                0.4007599552149985,
                -1.1815174742698538e-08,
                5.106453621902917e-08
            ],
            [
                -0.31892002574398104,
                -0.7290875759885601,
                0.6055751563785834,
                1.1854144731670568e-08
            ],
            [
                0.24269026477947328,
                0.5548176893328489,
                0.7957881374378489,
                -4.031128808882955
            ],
            [
                0.0,
                0.0,
                0.0,
                1.0
            ]
        ]
    },
    "r_052": {
        "inv_matrix": [
            [
                0.9802993691797238,
                -0.19751765860282902,
                -2.5649531135928004e-10,
                4.182633319877573e-09
            ],
            [
                0.13013632944445136,
                0.6458793053403866,
                0.7522662403742209,
                6.89103378442109e-08
            ],
            [
                -0.1485858436544691,
                -0.7374460451793204,
                0.6588593173132941,
                -4.031128853663012
            ],
            [
                0.0,
                0.0,
                0.0,
                1.0
            ]
        ]
    },
    "r_053": {
        "inv_matrix": [
            [
                -0.22547301322158592,
                -0.9742494008619846,
                -1.4353797386222384e-09,
                1.8034842635817296e-08
            ],
            [
                0.7448598312142,
                -0.172384817510039,
                0.6445675307439037,
                -1.4513186661711238e-08
            ],
            [
                -0.6279694737276277,
                0.1453325728457792,
                0.7645473897157491,
                -4.031128444609648
            ],
            [
                0.0,
                0.0,
                0.0,
                1.0
            ]
        ]
    },
    "r_054": {
        "inv_matrix": [
            [
                0.9882175817806208,
                0.15305594416504723,
                -8.456357857821386e-10,
                -3.6097357729759088e-09
            ],
            [
                -0.14875976471815414,
                0.9604790042011552,
                0.23526702528922633,
                1.5307348378873395e-08
            ],
            [
                0.03600898904389588,
                -0.2324948416307267,
                0.9719307787810852,
                -4.031128844576753
            ],
            [
                0.0,
                0.0,
                0.0,
                1.0
            ]
        ]
    },
    "r_055": {
        "inv_matrix": [
            [
                -0.9818536860980613,
                0.1896402495114737,
                -2.1749225678770282e-10,
                -1.0910518118234017e-08
            ],
            [
                -0.03729239188376273,
                -0.1930796569220197,
                0.980474085211022,
                -2.6092073091711e-09
            ],
            [
                0.18593734705725162,
                0.962682128051861,
                0.19664812411781904,
                -4.031128975457673
            ],
            [
                0.0,
                0.0,
                0.0,
                1.0
            ]
        ]
    },
    "r_056": {
        "inv_matrix": [
            [
                0.18019557940782482,
                -0.9836307654791916,
                -2.961208786633459e-09,
                -2.6608543757429425e-08
            ],
            [
                0.4598951274646823,
                0.08425016974166238,
                0.8839673230511085,
                -4.541293822378899e-09
            ],
            [
                -0.8694975670415291,
                -0.15928702151647908,
                0.4675485611295093,
                -4.031128870301432
            ],
            [
                0.0,
                0.0,
                0.0,
                1.0
            ]
        ]
    },
    "r_057": {
        "inv_matrix": [
            [
                -0.28221236281667655,
