{
    "0001": {
        "R": [
            [
                -0.27274475386253333,
                -0.8854062819491861,
                0.3763854073997694
            ],
            [
                -0.9620864153945301,
                0.2510064867048183,
                -0.10670262983722516
            ],
            [
                -2.3534453339122293e-09,
                -0.39121787516387324,
                -0.920298074948108
            ]
        ],
        "T": [
            2.4777087339770902e-09,
            0.3129742965268062,
            3.3698196698295066
        ],
        "Rt": [
            [
                -0.272744745016098,
                -0.8854062557220459,
                0.3763854205608368,
                0.0
            ],
            [
                -0.9620864391326904,
                0.25100648403167725,
                -0.10670263320207596,
                0.0
            ],
            [
                -2.3534454385298886e-09,
                -0.3912178874015808,
                -0.9202980995178223,
                0.0
            ],
            [
                2.4777087048732938e-09,
                0.31297430396080017,
                3.3698196411132812,
                1.0
            ]
        ]
    },
    "0002": {
        "R": [
            [
                0.9971420735155091,
                -0.07115926239967404,
                0.025375616168766827
            ],
            [
                -0.07554841715422658,
                -0.9392109660551722,
                0.33492560258560106
            ],
            [
                -4.887716486527852e-10,
                -0.33588550077900464,
                -0.9419028236948818
            ]
        ],
        "T": [
            9.78702623217642e-10,
            0.2687083978740972,
            3.3671485155677097
        ],
        "Rt": [
            [
                0.9971420764923096,
                -0.07115926593542099,
                0.025375615805387497,
                0.0
            ],
            [
                -0.07554841786623001,
                -0.9392109513282776,
                0.3349255919456482,
                0.0
            ],
            [
                -4.887716342771853e-10,
                -0.33588549494743347,
                -0.9419028162956238,
                0.0
            ],
            [
                9.787026744589866e-10,
                0.26870840787887573,
                3.3671483993530273,
                1.0
            ]
        ]
    },
    "0003": {
        "R": [
            [
                -0.9961600681674629,
                0.06357748753121155,
                -0.0601908517818042
            ],
            [
                0.08755019918491334,
                0.7233947964833387,
                -0.6848611146120156
            ],
            [
                8.06043753339445e-10,
                -0.6875010837588554,
                -0.7261833017840047
            ]
        ],
        "T": [
            1.011315897458207e-09,
            0.5500008114809334,
            3.3911771604483367
        ],
        "Rt": [
            [
                -0.996160089969635,
                0.06357748806476593,
                -0.06019085273146629,
                0.0
            ],
            [
                0.08755020052194595,
                0.7233948111534119,
                -0.6848611235618591,
                0.0
            ],
            [
                8.060437317602975e-10,
                -0.687501072883606,
                -0.726183295249939,
                0.0
            ],
            [
                1.0113159198965604e-09,
                0.550000786781311,
                3.391177177429199,
                1.0
            ]
        ]
    },
    "0004": {
        "R": [
            [
                -0.6977230631372607,
                0.029574914081058192,
                -0.7157568162290012
            ],
            [
                0.7163675552729644,
                0.028805183805996004,
                -0.6971282011289343
            ],
            [
                5.500174259048849e-10,
                -0.9991473840595678,
                -0.041284551848648425
            ]
        ],
        "T": [
            -6.719474026470009e-09,
            0.7993179232786948,
            3.2314948554449994
        ],
        "Rt": [
            [
                -0.6977230906486511,
                0.029574913904070854,
                -0.7157568335533142,
                0.0
            ],
            [
                0.7163675427436829,
                0.028805183246731758,
                -0.697128176689148,
                0.0
            ],
            [
                5.500174204975394e-10,
                -0.999147355556488,
                -0.041284553706645966,
                0.0
            ],
            [
                -6.719473866212411e-09,
                0.7993178963661194,
                3.231494903564453,
                1.0
            ]
        ]
    },
    "0005": {
        "R": [
            [
                -0.9631511539164428,
                -0.09740321830321737,
                0.25070395142401886
            ],
            [
                -0.2689606919980529,
                0.34880196565194366,
                -0.8977736057115574
            ],
            [
                7.368142385786001e-09,
                -0.9321211846375407,
                -0.3621466336561824
            ]
        ],
        "T": [
            8.055333345774678e-09,
            0.7456968726822645,
            3.3778359605821073
        ],
        "Rt": [
            [
                -0.9631511569023132,
                -0.09740322083234787,
                0.25070396065711975,
                0.0
            ],
            [
                -0.2689606845378876,
                0.34880197048187256,
                -0.8977736234664917,
                0.0
            ],
            [
                7.368142540542522e-09,
                -0.9321211576461792,
                -0.36214664578437805,
                0.0
            ],
            [
                8.055333289291866e-09,
                0.7456969022750854,
                3.377835988998413,
                1.0
            ]
        ]
    },
    "0006": {
        "R": [
            [
                -0.8943120365722226,
                -0.22296126930476842,
                0.38793576052633105
            ],
            [
                -0.4474436936788538,
                0.4456358348493432,
                -0.7753726781746891
            ],
            [
                4.735136219080444e-10,
                -0.8670045339836647,
                -0.49830016066433175
            ]
        ],
        "T": [
            -4.982676447695741e-08,
            0.6936036031761579,
            3.3961481754559504
        ],
        "Rt": [
            [
                -0.8943120241165161,
                -0.22296126186847687,
                0.3879357576370239,
                0.0
            ],
            [
                -0.4474436938762665,
                0.4456358253955841,
                -0.7753726840019226,
                0.0
            ],
            [
                4.735135616940056e-10,
                -0.8670045137405396,
                -0.498300164937973,
                0.0
            ],
            [
                -4.98267631598992e-08,
                0.6936035752296448,
                3.396148204803467,
                1.0
            ]
        ]
    },
    "0007": {
        "R": [
            [
                0.9893081986865638,
                -0.1396193862575859,
                0.042137318435872026
            ],
            [
                -0.14583939581480615,
                -0.947114552324902,
                0.28584044491453575
            ],
            [
                2.6201317970677422e-09,
                -0.2889297461934046,
                -0.9573503320747376
            ]
        ],
        "T": [
            -2.6576726284008323e-09,
            0.23114377584305773,
            3.3652375868017046
        ],
        "Rt": [
            [
                0.9893081784248352,
                -0.139619380235672,
                0.04213731735944748,
                0.0
            ],
            [
                -0.1458393931388855,
                -0.9471145272254944,
                0.2858404517173767,
                0.0
            ],
            [
                2.6201318892304926e-09,
                -0.2889297604560852,
                -0.9573503136634827,
                0.0
            ],
            [
                -2.6576725264959578e-09,
                0.2311437726020813,
                3.3652374744415283,
                1.0
            ]
        ]
    },
    "0008": {
        "R": [
            [
                -0.23034444996420364,
                -0.6000195313366595,
                0.7661057216104642
            ],
            [
                -0.9731091992682767,
                0.1420304652268986,
                -0.18134469599932307
            ],
            [
                1.0090399817480485e-09,
                -0.7872762618028086,
                -0.6166003938896405
            ]
        ],
        "T": [
            1.769292038638155e-09,
            0.6298209618669063,
            3.3977419339333834
        ],
        "Rt": [
            [
                -0.23034444451332092,
                -0.6000195145606995,
                0.7661057114601135,
                0.0
            ],
            [
                -0.9731091856956482,
                0.14203046262264252,
                -0.18134470283985138,
                0.0
            ],
            [
                1.0090399626960789e-09,
                -0.7872762680053711,
                -0.6166003942489624,
                0.0
            ],
            [
                1.7692920462053507e-09,
                0.6298209428787231,
                3.3977420330047607,
                1.0
            ]
        ]
    },
    "0009": {
        "R": [
            [
                0.43373662864094004,
                -0.7730107337538182,
                0.4629545887126255
            ],
            [
                -0.9010396790143043,
                -0.37210685582807285,
                0.22285407404582963
            ],
            [
                -8.927864422308171e-09,
                -0.5138004271822422,
                -0.8579097308587187
            ]
        ],
        "T": [
            1.6521222585988272e-09,
            0.4110403067038322,
            3.377394873720369
        ],
        "Rt": [
            [
                0.4337366223335266,
                -0.7730107307434082,
                0.462954580783844,
                0.0
            ],
            [
                -0.9010396599769592,
                -0.3721068501472473,
                0.22285407781600952,
                0.0
            ],
            [
                -8.927864669772134e-09,
                -0.5138004422187805,
                -0.8579097390174866,
                0.0
            ],
            [
                1.6521223278331831e-09,
                0.4110403060913086,
                3.377394914627075,
                1.0
            ]
        ]
    },
    "0010": {
        "R": [
            [
                0.29476354657347353,
                0.857127650233499,
                -0.4224295613374875
            ],
            [
                0.9555702290938999,
                -0.2643970802087762,
                0.13030631152906974
            ],
            [
                3.0869653467243457e-09,
                -0.4420706608614212,
                -0.8969801708550659
            ]
        ],
        "T": [
            6.365763685962093e-09,
            0.3536565068477826,
            3.372685300813674
        ],
        "Rt": [
            [
                0.2947635352611542,
                0.8571276664733887,
                -0.42242956161499023,
                0.0
            ],
            [
                0.9555702209472656,
                -0.2643970847129822,
                0.13030631840229034,
                0.0
            ],
            [
                3.086965350007631e-09,
                -0.4420706629753113,
                -0.8969801664352417,
                0.0
            ],
            [
                6.365763471904984e-09,
                0.35365650057792664,
                3.372685194015503,
                1.0
            ]
        ]
    },
    "0011": {
        "R": [
            [
                0.1590981863272365,
                0.4593924826313285,
                -0.8738685306275952
            ],
            [
                0.9872626814273368,
                -0.07403146437145133,
                0.14082462575467708
            ],
            [
                2.1390619519809413e-09,
                -0.8851428611892949,
                -0.46531934013277654
            ]
        ],
        "T": [
            -1.4332232888381607e-08,
            0.7081142580988791,
            3.393552857062095
        ],
        "Rt": [
            [
                0.15909819304943085,
                0.4593924880027771,
                -0.8738685250282288,
                0.0
            ],
            [
                0.9872626662254333,
                -0.07403146475553513,
                0.14082463085651398,
                0.0
            ],
            [
                2.1390620386085857e-09,
                -0.8851428627967834,
                -0.46531933546066284,
                0.0
            ],
            [
                -1.4332233178038223e-08,
                0.7081142663955688,
                3.393552780151367,
                1.0
            ]
        ]
    },
    "0012": {
        "R": [
            [
                0.9983985244589414,
                0.01843350056191481,
                -0.05348433352446379
            ],
            [
                0.05657180145679763,
                -0.3253207643947769,
                0.9439099321847063
            ],
            [
                4.3313215486181107e-10,
                -0.9454239849519944,
                -0.3258425778086804
            ]
        ],
        "T": [
            -4.8133488308001315e-09,
            0.7563391845026692,
            3.3691957997061888
        ],
        "Rt": [
            [
                0.9983985424041748,
                0.018433500081300735,
                -0.05348433181643486,
                0.0
            ],
            [
                0.056571800261735916,
                -0.3253207504749298,
                0.9439099431037903,
                0.0
            ],
            [
                4.331321412642808e-10,
                -0.94542396068573,
                -0.32584258913993835,
                0.0
            ],
            [
                -4.813348830623454e-09,
                0.7563391923904419,
                3.3691956996917725,
                1.0
            ]
        ]
    },
    "0013": {
        "R": [
            [
                0.6219444578434734,
                -0.18679929751100244,
                0.7604544789868108
            ],
            [
                -0.783061261503913,
                -0.14836486561756673,
                0.6039890702859253
            ],
            [
                -7.634073529030004e-09,
                -0.9711301706361651,
                -0.2385500059376032
            ]
        ],
        "T": [
            -9.949505923685756e-08,
            0.7769041633205679,
            3.3408218742872
        ],
        "Rt": [
            [
                0.6219444870948792,
                -0.1867993026971817,
                0.7604544758796692,
                0.0
            ],
            [
                -0.7830612659454346,
                -0.1483648717403412,
                0.6039890646934509,
                0.0
            ],
            [
                -7.634073817541775e-09,
                -0.9711301922798157,
                -0.23855000734329224,
                0.0
            ],
            [
                -9.949506107886918e-08,
                0.7769041657447815,
                3.3408219814300537,
                1.0
            ]
        ]
    },
    "0014": {
        "R": [
            [
                0.2166582082091043,
                0.972168740671543,
                -0.08914792315263062
            ],
            [
                0.9762474226971255,
                -0.21575302809585853,
                0.019784561775464525
            ],
            [
                -1.9370608372809712e-09,
                -0.09131658856623012,
                -0.9958218407011973
            ]
        ],
        "T": [
            1.263046199719411e-09,
            0.0730532720615719,
            3.360508764593839
        ],
        "Rt": [
            [
                0.21665820479393005,
                0.9721687436103821,
                -0.08914792537689209,
                0.0
            ],
            [
                0.9762474298477173,
                -0.21575303375720978,
                0.019784562289714813,
                0.0
            ],
            [
                -1.937060734036322e-09,
                -0.0913165882229805,
                -0.9958218336105347,
                0.0
            ],
            [
                1.2630462231655315e-09,
                0.0730532705783844,
                3.360508680343628,
                1.0
            ]
        ]
    },
    "0015": {
        "R": [
            [
                -0.7643792230247399,
                -0.6372470673361358,
                0.09818553847813218
            ],
            [
                -0.6447668187717223,
                0.7554645630934592,
                -0.1164002138739571
            ],
            [
                4.167350304079008e-09,
                -0.15228080944011113,
                -0.9883373356614537
            ]
        ],
        "T": [
            -1.2262151211372347e-08,
            0.12182463628485964,
            3.3614232022673263
        ],
        "Rt": [
            [
                -0.7643792033195496,
                -0.6372470855712891,
                0.09818553924560547,
                0.0
            ],
            [
                -0.6447668075561523,
                0.7554645538330078,
                -0.11640021204948425,
                0.0
            ],
            [
                4.167350464712172e-09,
                -0.1522808074951172,
                -0.9883373379707336,
                0.0
            ],
            [
                -1.2262151294351042e-08,
                0.12182463705539703,
                3.3614232540130615,
                1.0
            ]
        ]
    },
    "0016": {
        "R": [
            [
                -0.13769014059000637,
                0.2825682999207332,
                -0.949313780066049
            ],
            [
                0.99047528786382,
                0.0392810087543156,
                -0.1319681044045903
            ],
            [
                -3.2584794170143797e-09,
                -0.9584425677507342,
                -0.2852855615632143
            ]
        ],
        "T": [
            -1.0637957512008155e-08,
            0.7667540136582863,
            3.357402391427607
        ],
        "Rt": [
            [
                -0.13769014179706573,
                0.2825683057308197,
                -0.949313759803772,
                0.0
            ],
            [
                0.9904752969741821,
                0.039281006902456284,
                -0.13196811079978943,
                0.0
            ],
            [
                -3.258479486234478e-09,
                -0.9584425687789917,
                -0.2852855622768402,
                0.0
            ],
            [
                -1.0637957181813817e-08,
                0.7667540311813354,
                3.3574023246765137,
                1.0
            ]
        ]
    },
    "0017": {
        "R": [
            [
                0.9081822022636086,
                -0.1864922958748188,
                0.37473406108868185
            ],
            [
                -0.4185749149018338,
                -0.40463240690128727,
                0.8130607180103068
            ],
            [
                -3.239228510494135e-09,
                -0.8952615475513382,
                -0.44554106069330324
            ]
        ],
        "T": [
            -8.800924801775449e-09,
            0.7162092186321513,
            3.3914702019183665
        ],
        "Rt": [
            [
                0.9081822037696838,
                -0.18649229407310486,
                0.3747340738773346,
                0.0
            ],
            [
                -0.4185749292373657,
                -0.40463241934776306,
                0.8130607008934021,
                0.0
            ],
            [
                -3.2392286630766876e-09,
                -0.8952615261077881,
                -0.44554105401039124,
                0.0
            ],
            [
                -8.800924433671753e-09,
                0.7162092328071594,
                3.391470193862915,
                1.0
            ]
        ]
    },
    "0018": {
        "R": [
            [
                -0.8969906785181835,
                0.0776161765817687,
                -0.4351818789941365
            ],
            [
                0.4420491799542095,
                0.15749601809740443,
                -0.8830557766204403
            ],
            [
                -1.0650510379262192e-09,
                -0.9844646852513449,
                -0.17558263604353014
            ]
        ],
        "T": [
            -5.328133555583635e-08,
            0.7875717439698219,
            3.313075702561811
        ],
        "Rt": [
            [
                -0.8969906568527222,
                0.07761617749929428,
                -0.4351818859577179,
                0.0
            ],
            [
                0.44204917550086975,
                0.15749602019786835,
                -0.8830558061599731,
                0.0
            ],
            [
                -1.0650510473553254e-09,
                -0.984464704990387,
                -0.1755826324224472,
                0.0
            ],
            [
                -5.328133667603652e-08,
                0.7875717282295227,
                3.3130757808685303,
                1.0
            ]
        ]
    },
    "0019": {
        "R": [
            [
                -0.5587545997018053,
                -0.26607130559238273,
                0.7854930360558044
            ],
            [
                -0.8293330047326184,
                0.17926280520673832,
                -0.5292178530872453
            ],
            [
                3.2546797932864567e-09,
                -0.9471382291404726,
                -0.32082563727457
            ]
        ],
        "T": [
            4.869721046514374e-08,
            0.7577106132217899,
            3.36786225358592
        ],
        "Rt": [
            [
                -0.5587546229362488,
                -0.2660713195800781,
                0.785493016242981,
                0.0
            ],
            [
                -0.8293330073356628,
                0.17926280200481415,
                -0.5292178392410278,
                0.0
            ],
            [
                3.2546798589550008e-09,
                -0.947138249874115,
                -0.32082563638687134,
                0.0
            ],
            [
                4.869720982014769e-08,
                0.7577106356620789,
                3.3678622245788574,
                1.0
            ]
        ]
    },
    "0020": {
        "R": [
            [
                0.8605803787199596,
                -0.15438930231490167,
                0.48535065883163947
            ],
            [
                -0.5093145906264447,
                -0.2608690488354471,
                0.8200889752245915
            ],
            [
                -4.797342805809283e-09,
                -0.952948766139656,
                -0.3031315316770343
            ]
        ],
        "T": [
            -6.95990520586673e-08,
            0.762359016413443,
            3.3628791724665654
        ],
        "Rt": [
            [
                0.8605803847312927,
                -0.15438930690288544,
                0.48535066843032837,
                0.0
            ],
            [
                -0.5093145966529846,
                -0.2608690559864044,
                0.8200889825820923,
                0.0
            ],
            [
                -4.797342967322038e-09,
                -0.9529487490653992,
                -0.3031315207481384,
                0.0
            ],
            [
                -6.95990536314639e-08,
                0.7623590230941772,
                3.3628792762756348,
                1.0
            ]
        ]
    },
    "0021": {
        "R": [
            [
                0.25957120434446557,
                0.5312325884291331,
                -0.8064829412065442
            ],
            [
                0.9657238793584855,
                -0.14278685812390274,
                0.21676978269820393
            ],
            [
                4.5212363624019624e-09,
                -0.8351070850962181,
                -0.5500874190935672
            ]
        ],
        "T": [
            -3.970159871101167e-09,
            0.6680856427157966,
            3.3982053599289097
        ],
        "Rt": [
            [
                0.2595711946487427,
                0.5312325954437256,
                -0.8064829707145691,
                0.0
            ],
            [
                0.9657238721847534,
                -0.14278686046600342,
                0.21676978468894958,
                0.0
            ],
            [
                4.52123627425749e-09,
                -0.8351070880889893,
                -0.5500873923301697,
                0.0
            ],
            [
                -3.970159756505609e-09,
                0.6680856347084045,
                3.398205280303955,
                1.0
            ]
        ]
    },
    "0022": {
        "R": [
            [
                -0.45474472104024083,
                -0.8216379099915126,
                0.34368354058899175
            ],
            [
                -0.8906218102515521,
                0.41952205685275656,
                -0.17548219732926035
            ],
            [
                -2.4228218576011156e-09,
                -0.38589162290075235,
                -0.9225440982668782
            ]
        ],
        "T": [
            -2.5492582749780655e-09,
            0.30871330305808903,
            3.3695423679208703
        ],
        "Rt": [
            [
                -0.45474472641944885,
                -0.8216379284858704,
                0.34368354082107544,
                0.0
            ],
            [
                -0.8906217813491821,
                0.4195220470428467,
                -0.17548219859600067,
                0.0
            ],
            [
                -2.42282172102648e-09,
                -0.3858916163444519,
                -0.9225441217422485,
                0.0
            ],
            [
                -2.5492583599628915e-09,
                0.30871331691741943,
                3.369542360305786,
                1.0
            ]
        ]
    },
    "0023": {
        "R": [
            [
                -0.9721390994091631,
                0.10587902689511043,
                -0.2091294625075529
            ],
            [
                0.23440453728638427,
                0.4391089575754693,
                -0.867316506616214
            ],
            [
                -4.250933004450779e-09,
                -0.8921731839576319,
                -0.4516935024926152
            ]
        ],
        "T": [
            -1.7959020084948582e-08,
            0.7137385241651302,
            3.3921618923282013
        ],
        "Rt": [
            [
                -0.9721391201019287,
                0.10587902367115021,
                -0.2091294676065445,
                0.0
            ],
            [
                0.2344045341014862,
                0.4391089677810669,
                -0.867316484451294,
                0.0
            ],
            [
                -4.250932938987262e-09,
                -0.892173171043396,
                -0.45169350504875183,
                0.0
            ],
            [
                -1.7959019160684875e-08,
                0.7137385010719299,
                3.3921618461608887,
                1.0
            ]
        ]
    },
    "0024": {
        "R": [
            [
                0.6983350133644234,
                0.608522876373145,
                -0.3768662137548961
            ],
            [
                0.7157710601366593,
                -0.5936993410218189,
                0.36768580352017805
            ],
            [
                -7.4364514376552686e-09,
                -0.526517726491897,
                -0.8501641358732432
            ]
        ],
        "T": [
            -2.638857383124733e-08,
            0.4212141745816186,
            3.378308064220003
        ],
        "Rt": [
            [
                0.6983349919319153,
                0.608522891998291,
                -0.3768662214279175,
                0.0
            ],
            [
                0.7157710790634155,
                -0.5936993360519409,
                0.36768579483032227,
                0.0
            ],
            [
                -7.4364514546232385e-09,
                -0.5265177488327026,
                -0.8501641154289246,
                0.0
            ],
            [
                -2.6388573104441093e-08,
                0.42121416330337524,
                3.378308057785034,
                1.0
            ]
        ]
    },
    "0025": {
        "R": [
            [
                0.9998550644846018,
                -0.004045473915381619,
                0.016530842080439687
            ],
            [
                -0.017018652812010742,
                -0.2376737724869557,
                0.9711958800934669
            ],
            [
                3.375488459276385e-10,
                -0.9713366854254536,
                -0.23770817450204343
            ]
        ],
        "T": [
            -2.2669935120824127e-09,
            0.7770693484720914,
            3.3404929334508355
        ],
        "Rt": [
            [
                0.9998550415039062,
                -0.004045473877340555,
                0.016530841588974,
                0.0
            ],
            [
                -0.017018653452396393,
                -0.2376737743616104,
                0.9711958765983582,
                0.0
            ],
            [
                3.375488499823831e-10,
                -0.9713366627693176,
                -0.237708181142807,
                0.0
            ],
            [
                -2.2669934818253523e-09,
                0.7770693302154541,
                3.3404929637908936,
                1.0
            ]
        ]
    },
    "0026": {
        "R": [
            [
                -0.803430983640299,
                0.14567951340457497,
                -0.5773006666840895
            ],
            [
                0.5953978342536421,
                0.19658020987604316,
                -0.7790106073677618
            ],
            [
                -7.98330207100639e-10,
                -0.9696049333198302,
                -0.24467588228017673
            ]
        ],
        "T": [
            2.709156711491371e-09,
            0.7756839500741171,
            3.343184733276488
        ],
        "Rt": [
            [
                -0.80343097448349,
                0.1456795185804367,
                -0.5773006677627563,
                0.0
            ],
            [
                0.5953978300094604,
                0.1965802162885666,
                -0.7790105938911438,
                0.0
            ],
            [
                -7.983301797409581e-10,
                -0.9696049094200134,
                -0.2446758896112442,
                0.0
            ],
            [
                2.709157120861505e-09,
                0.7756839394569397,
                3.34318470954895,
                1.0
            ]
        ]
    },
    "0027": {
        "R": [
            [
                -0.6516296252075622,
                0.4524800773510149,
                -0.6088025876538794
            ],
            [
                0.7585373522042159,
                0.38870786160304643,
                -0.5229983571201552
            ],
            [
                8.317980741104786e-09,
                -0.802600689526317,
                -0.5965166536284371
            ]
        ],
        "T": [
            -9.613597299750242e-08,
            0.6420805001012873,
            3.3982112291277744
        ],
        "Rt": [
            [
                -0.651629626750946,
                0.4524800777435303,
                -0.6088026165962219,
                0.0
            ],
            [
                0.7585373520851135,
                0.38870787620544434,
                -0.5229983329772949,
                0.0
            ],
            [
                8.317980970673489e-09,
                -0.8026006817817688,
                -0.5965166687965393,
                0.0
            ],
            [
                -9.613597029556331e-08,
                0.6420804858207703,
                3.3982112407684326,
                1.0
            ]
        ]
    },
    "0028": {
        "R": [
            [
                0.2977557295198013,
                -0.45994027499825063,
                0.8365383560496581
            ],
            [
                -0.9546419941036933,
                -0.1434567607560112,
                0.26091883953302236
            ],
            [
                -5.656753848440553e-09,
                -0.8762848570701967,
                -0.48179347560017577
            ]
        ],
        "T": [
            2.2633555270364473e-08,
            0.7010278395815002,
            3.3949825258859
        ],
        "Rt": [
            [
                0.29775571823120117,
                -0.4599402844905853,
                0.8365383744239807,
                0.0
            ],
            [
                -0.9546419978141785,
                -0.14345675706863403,
                0.26091882586479187,
                0.0
            ],
            [
                -5.656753732097286e-09,
                -0.8762848377227783,
                -0.48179346323013306,
                0.0
            ],
            [
                2.2633555474271816e-08,
                0.7010278105735779,
                3.3949825763702393,
                1.0
            ]
        ]
    },
    "0029": {
        "R": [
            [
                0.24309636255731096,
                -0.1912435881824359,
                0.950962726598432
            ],
            [
                -0.9700021080142553,
                -0.04792837117904945,
                0.23832482422559217
            ],
            [
                -3.7541859911820934e-10,
                -0.9803717822147169,
                -0.19715790195097319
            ]
        ],
        "T": [
            2.760482420205592e-08,
            0.7842974139430942,
            3.3233059923250403
        ],
        "Rt": [
            [
                0.24309636652469635,
                -0.19124358892440796,
                0.9509627223014832,
                0.0
            ],
            [
                -0.9700021147727966,
                -0.04792837053537369,
                0.2383248209953308,
                0.0
            ],
            [
                -3.754186128634984e-10,
                -0.9803717732429504,
                -0.19715790450572968,
                0.0
            ],
            [
                2.7604823316096372e-08,
                0.7842974066734314,
                3.323306083679199,
                1.0
            ]
        ]
    },
    "0030": {
        "R": [
            [
                -0.07706999600894923,
                0.6820562632906302,
                -0.7272272382556747
            ],
            [
                0.9970256407997856,
                0.05272288689709996,
                -0.056214599138878725
            ],
            [
                1.0852189688689354e-09,
                -0.7293967198063583,
                -0.6840909442556798
            ]
        ],
        "T": [
            -1.6266225366773146e-09,
            0.5835173288647895,
            3.3944024480501045
        ],
        "Rt": [
            [
                -0.07706999778747559,
                0.6820562481880188,
                -0.7272272109985352,
                0.0
            ],
            [
                0.9970256686210632,
                0.05272288620471954,
                -0.056214600801467896,
                0.0
            ],
            [
                1.0852190257537586e-09,
                -0.7293967008590698,
                -0.6840909719467163,
                0.0
            ],
            [
                -1.62662261438129e-09,
                0.58351731300354,
                3.394402503967285,
                1.0
            ]
        ]
    },
    "0031": {
        "R": [
            [
                -0.4674954424516352,
                0.16176472285166676,
                -0.8690685274613668
            ],
            [
                0.8839954901230401,
                0.08554826367338735,
                -0.45960141850643893
            ],
            [
                3.692756264362471e-09,
                -0.9831143015656766,
                -0.18299268734900626
            ]
        ],
        "T": [
            -2.3507257407701104e-09,
            0.7864914582476886,
            3.316675497347458
        ],
        "Rt": [
            [
                -0.4674954414367676,
                0.1617647260427475,
                -0.8690685033798218,
                0.0
            ],
            [
                0.8839954733848572,
                0.0855482667684555,
                -0.45960143208503723,
                0.0
            ],
            [
                3.6927563229482985e-09,
                -0.9831143021583557,
                -0.18299268186092377,
                0.0
            ],
            [
                -2.350725614164162e-09,
                0.7864914536476135,
                3.3166754245758057,
                1.0
            ]
        ]
    },
    "0032": {
        "R": [
            [
                -0.4276455469253722,
                0.5331682481251354,
                -0.7299663261033495
            ],
            [
                0.9039464714244533,
                0.2522350994316301,
                -0.3453377885780736
            ],
            [
                -1.7661287680134837e-08,
                -0.8075326379651914,
                -0.5898228233519547
            ]
        ],
        "T": [
            7.08322306221567e-08,
            0.6460260631174675,
            3.3983071588944975
        ],
        "Rt": [
            [
                -0.4276455342769623,
                0.5331682562828064,
                -0.7299663424491882,
                0.0
            ],
            [
                0.9039464592933655,
                0.25223508477211,
                -0.34533777832984924,
                0.0
            ],
            [
                -1.7661287543546678e-08,
                -0.8075326085090637,
