{
    "r_000": {
        "R": [
            [
                0.8158209165206826,
                0.08080814637990842,
                -0.5726309739581598
            ],
            [
                0.578304542408222,
                -0.11399700226424626,
                0.8078171559264289
            ],
            [
                -4.312577961080504e-09,
                -0.9901892816585431,
                -0.13973287064736503
            ]
        ],
        "T": [
            2.049252755790268e-08,
            -2.375419852866237e-08,
            4.031128914911734
        ],
        "Rt": [
            [
                0.8158209323883057,
                0.08080814778804779,
                -0.5726310014724731,
                0.0
            ],
            [
                0.5783045291900635,
                -0.11399700492620468,
                0.8078171610832214,
                0.0
            ],
            [
                -4.312577850384969e-09,
                -0.990189254283905,
                -0.13973286747932434,
                0.0
            ],
            [
                2.049252678659741e-08,
                -2.3754198608116894e-08,
                4.031128883361816,
                1.0
            ]
        ]
    },
    "r_001": {
        "R": [
            [
                -0.5398983776364042,
                -0.34347307302473873,
                0.7684633879280378
            ],
            [
                -0.8417301278127851,
                0.22030880364785252,
                -0.49290399433846677
            ],
            [
                -8.898216152552388e-10,
                -0.9129569720738145,
                -0.40805599487117855
            ]
        ],
        "T": [
            -4.781100913527954e-08,
            -1.0834302962420025e-08,
            4.031128952941601
        ],
        "Rt": [
            [
                -0.5398983955383301,
                -0.34347307682037354,
                0.7684633731842041,
                0.0
            ],
            [
                -0.8417301177978516,
                0.2203088104724884,
                -0.49290400743484497,
                0.0
            ],
            [
                -8.898216052877217e-10,
                -0.912956953048706,
                -0.40805599093437195,
                0.0
            ],
            [
                -4.781101026196666e-08,
                -1.0834303232343245e-08,
                4.031128883361816,
                1.0
            ]
        ]
    },
    "r_002": {
        "R": [
            [
                0.6971422335256036,
                -0.15993563174116132,
                -0.6988657808129558
            ],
            [
                0.7169328500006099,
                0.15552067457925234,
                0.6795739257082369
            ],
            [
                -5.348841734933109e-09,
                -0.9747993837669143,
                0.22308318057594337
            ]
        ],
        "T": [
            -2.3802002836853855e-08,
            4.484386703971194e-09,
            4.031129303794485
        ],
        "Rt": [
            [
                0.6971422433853149,
                -0.15993563830852509,
                -0.6988657712936401,
                0.0
            ],
            [
                0.7169328331947327,
                0.15552067756652832,
                0.6795739531517029,
                0.0
            ],
            [
                -5.348841813912486e-09,
                -0.974799394607544,
                0.22308318316936493,
                0.0
            ],
            [
                -2.3802003923378834e-08,
                4.484386639802551e-09,
                4.031129360198975,
                1.0
            ]
        ]
    },
    "r_003": {
        "R": [
            [
                -0.5612495131747277,
                -0.42193650556473106,
                0.7120172796608001
            ],
            [
                -0.8276466480036541,
                0.2861265057728224,
                -0.48283808959962243
            ],
            [
                3.8122198095858365e-09,
                -0.8602913301629947,
                -0.509802714827124
            ]
        ],
        "T": [
            2.0543002621844872e-08,
            -9.035751344949407e-09,
            4.031128954915095
        ],
        "Rt": [
            [
                -0.5612494945526123,
                -0.4219365119934082,
                0.712017297744751,
                0.0
            ],
            [
                -0.8276466727256775,
                0.2861264944076538,
                -0.48283809423446655,
                0.0
            ],
            [
                3.812219873111644e-09,
                -0.8602913022041321,
                -0.5098026990890503,
                0.0
            ],
            [
                2.0543001966188967e-08,
                -9.035751702413108e-09,
                4.031128883361816,
                1.0
            ]
        ]
    },
    "r_004": {
        "R": [
            [
                -0.5609073753803149,
                0.8081332698621635,
                -0.17973211058330366
            ],
            [
                0.8278785811810071,
                0.5475293785253753,
                -0.1217727594312458
            ],
            [
                -6.354179303683712e-09,
                -0.2170996940433135,
                -0.9761494563416546
            ]
        ],
        "T": [
            -2.697185818519142e-09,
            1.3970912215096877e-08,
            4.031128886248479
        ],
        "Rt": [
            [
                -0.5609073638916016,
                0.8081332445144653,
                -0.17973211407661438,
                0.0
            ],
            [
                0.8278785943984985,
                0.547529399394989,
                -0.12177275866270065,
                0.0
            ],
            [
                -6.354179404866045e-09,
                -0.21709969639778137,
                -0.9761494398117065,
                0.0
            ],
            [
                -2.697185808031577e-09,
                1.3970912426941595e-08,
                4.031128883361816,
                1.0
            ]
        ]
    },
    "r_005": {
        "R": [
            [
                -0.9401825622780171,
                0.15275845604340324,
                -0.3045024854892716
            ],
            [
                0.3406712969524692,
                0.4215818436063653,
                -0.8403640789535939
            ],
            [
                2.797563144903018e-09,
                -0.8938307793316892,
                -0.44840432777223616
            ]
        ],
        "T": [
            1.0154671725719716e-08,
            4.064848707358644e-08,
            4.031128823278917
        ],
        "Rt": [
            [
                -0.9401825666427612,
                0.15275844931602478,
                -0.3045024871826172,
                0.0
            ],
            [
                0.3406713008880615,
                0.42158183455467224,
                -0.8403640985488892,
                0.0
            ],
            [
                2.7975630700893817e-09,
                -0.8938307762145996,
                -0.44840434193611145,
                0.0
            ],
            [
                1.0154671770123969e-08,
                4.064848724283365e-08,
                4.031128883361816,
                1.0
            ]
        ]
    },
    "r_006": {
        "R": [
            [
                0.3799972271845225,
                -0.5935681675478118,
                0.7094215734803532
            ],
            [
                -0.9249876505587832,
                -0.243845672228486,
                0.2914398123715639
            ],
            [
                -1.3160427366572333e-08,
                -0.7669524221913433,
                -0.6417039211173972
            ]
        ],
        "T": [
            1.8283214977736293e-08,
            9.456275959086922e-08,
            4.031128982684844
        ],
        "Rt": [
            [
                0.37999722361564636,
                -0.5935681462287903,
                0.7094215750694275,
                0.0
            ],
            [
                -0.9249876737594604,
                -0.24384567141532898,
                0.29143980145454407,
                0.0
            ],
            [
                -1.3160427414504738e-08,
                -0.766952395439148,
                -0.6417039036750793,
                0.0
            ],
            [
                1.8283213165659618e-08,
                9.456275762431687e-08,
                4.031128883361816,
                1.0
            ]
        ]
    },
    "r_007": {
        "R": [
            [
                -0.9340110441817755,
                0.33960583166037484,
                -0.11086621567647023
            ],
            [
                0.3572442302722075,
                0.8878956744648234,
                -0.28985851130037804
            ],
            [
                -3.464308328638588e-09,
                -0.31033726117819876,
                -0.9506265274364963
            ]
        ],
        "T": [
            4.566012171565855e-09,
            4.5661635705265786e-08,
            4.03112896943634
        ],
        "Rt": [
            [
                -0.9340110421180725,
                0.33960583806037903,
                -0.11086621880531311,
                0.0
            ],
            [
                0.35724422335624695,
                0.8878957033157349,
                -0.28985852003097534,
                0.0
            ],
            [
                -3.464308395706439e-09,
                -0.31033727526664734,
                -0.95062655210495,
                0.0
            ],
            [
                4.566012012929832e-09,
                4.566163624986075e-08,
                4.031128883361816,
                1.0
            ]
        ]
    },
    "r_008": {
        "R": [
            [
                0.9817772984295665,
                -0.12257572861836014,
                0.14521905657180137
            ],
            [
                -0.19003522169021372,
                -0.6332618926545658,
                0.750243976530401
            ],
            [
                -5.207196188838812e-09,
                -0.7641692121337283,
                -0.6450158105989736
            ]
        ],
        "T": [
            2.1163162646010017e-08,
            2.0436301220456334e-09,
            4.031128937279837
        ],
        "Rt": [
            [
                0.9817773103713989,
                -0.12257573008537292,
                0.14521905779838562,
                0.0
            ],
            [
                -0.19003522396087646,
                -0.6332619190216064,
                0.7502439618110657,
                0.0
            ],
            [
                -5.20719600771713e-09,
                -0.7641692161560059,
                -0.6450158357620239,
                0.0
            ],
            [
                2.1163161889603543e-08,
                2.0436294878578565e-09,
                4.031128883361816,
                1.0
            ]
        ]
    },
    "r_009": {
        "R": [
            [
                0.9962616566867792,
                0.04589825155036853,
                -0.0731859374012652
            ],
            [
                0.08638768065056548,
                -0.5293193094412428,
                0.8440131930414826
            ],
            [
                -6.275842283881774e-10,
                -0.8471801836034647,
                -0.5313056323864357
            ]
        ],
        "T": [
            -6.81510068807693e-09,
            9.043981466776128e-08,
            4.0311290182567285
        ],
        "Rt": [
            [
                0.9962616562843323,
                0.04589825123548508,
                -0.07318593561649323,
                0.0
            ],
            [
                0.08638767898082733,
                -0.5293192863464355,
                0.8440132141113281,
                0.0
            ],
            [
                -6.275842623360006e-10,
                -0.847180187702179,
                -0.5313056111335754,
                0.0
            ],
            [
                -6.815100483947845e-09,
                9.043981208378682e-08,
                4.031128883361816,
                1.0
            ]
        ]
    },
    "r_010": {
        "R": [
            [
                0.6551871043306992,
                -0.19450323970716263,
                0.7299988271613221
            ],
            [
                -0.7554666882086173,
                -0.16868515570972376,
                0.6330998188668663
            ],
            [
                2.6731859595917063e-09,
                -0.9662886763481549,
                -0.25746100009706196
            ]
        ],
        "T": [
            -5.678099035100286e-08,
            -3.3223913785901013e-08,
            4.031128408654267
        ],
        "Rt": [
            [
                0.6551871299743652,
                -0.19450323283672333,
                0.7299988269805908,
                0.0
            ],
            [
                -0.7554666996002197,
                -0.1686851531267166,
                0.6330997943878174,
                0.0
            ],
            [
                2.67318589486365e-09,
                -0.966288685798645,
                -0.2574610114097595,
                0.0
            ],
            [
                -5.678099057604413e-08,
                -3.3223912510038645e-08,
                4.031128406524658,
                1.0
            ]
        ]
    },
    "r_011": {
        "R": [
            [
                0.860529824559356,
                0.34748964329030485,
                -0.3724774370809793
            ],
            [
                0.5094001658256007,
                -0.5870143105693278,
                0.6292261946582789
            ],
            [
                -1.2550174380984412e-08,
                -0.7312079847675017,
                -0.6821546009901316
            ]
        ],
        "T": [
            -5.742777107200006e-09,
            8.324630505464573e-08,
            4.031128852618519
        ],
        "Rt": [
            [
                0.8605298399925232,
                0.3474896550178528,
                -0.3724774420261383,
                0.0
            ],
            [
                0.5094001889228821,
                -0.5870143175125122,
                0.6292262077331543,
                0.0
            ],
            [
                -1.2550174233183498e-08,
                -0.7312079668045044,
                -0.6821545958518982,
                0.0
            ],
            [
                -5.742777364758922e-09,
                8.3246305848661e-08,
                4.031128883361816,
                1.0
            ]
        ]
    },
    "r_012": {
        "R": [
            [
                -0.6588743964774191,
                -0.2526457586692829,
                0.7085581796942372
            ],
            [
                -0.7522529459026263,
                0.2212843759894464,
                -0.6206034907157834
            ],
            [
                -1.7380782382514985e-08,
                -0.9419148509120676,
                -0.3358521132350968
            ]
        ],
        "T": [
            1.231548263281442e-07,
            5.2700485796755594e-08,
            4.03112895432961
        ],
        "Rt": [
            [
                -0.6588743925094604,
                -0.2526457607746124,
                0.708558201789856,
                0.0
            ],
            [
                -0.7522529363632202,
                0.22128437459468842,
                -0.6206035017967224,
                0.0
            ],
            [
                -1.7380783035036984e-08,
                -0.9419148564338684,
                -0.33585211634635925,
                0.0
            ],
            [
                1.2315483388647408e-07,
                5.270048575312103e-08,
                4.031128883361816,
                1.0
            ]
        ]
    },
    "r_013": {
        "R": [
            [
                0.16592041134099852,
                0.14224986264031853,
                -0.9758255031784551
            ],
            [
                0.9861391784892984,
                -0.023933899712346014,
                0.1641850996104784
            ],
            [
                -1.1456545379810443e-09,
                -0.9895414120149594,
                -0.14424927577805258
            ]
        ],
        "T": [
            7.459622119482256e-09,
            -1.4294481248168226e-08,
            4.031128960952931
        ],
        "Rt": [
            [
                0.1659204065799713,
                0.14224986732006073,
                -0.9758254885673523,
                0.0
            ],
            [
                0.986139178276062,
                -0.023933900520205498,
                0.16418510675430298,
                0.0
            ],
            [
                -1.1456545712107413e-09,
                -0.9895414113998413,
                -0.14424927532672882,
                0.0
            ],
            [
                7.459622253236375e-09,
                -1.4294481154308869e-08,
                4.031128883361816,
                1.0
            ]
        ]
    },
    "r_014": {
        "R": [
            [
                -0.9563203251036615,
                0.2806803365129289,
                -0.0816698758837837
            ],
            [
                0.29232075630934257,
                0.9182390719916421,
                -0.2671810908575163
            ],
            [
                -8.296060700116981e-09,
                -0.27938444142724383,
                -0.9601793034713176
            ]
        ],
        "T": [
            -2.365513239895316e-08,
            -5.004898192888721e-08,
            4.031128934201952
        ],
        "Rt": [
            [
                -0.9563203454017639,
                0.2806803286075592,
                -0.0816698744893074,
                0.0
            ],
            [
                0.29232075810432434,
                0.9182390570640564,
                -0.2671810984611511,
                0.0
            ],
            [
                -8.29606072727529e-09,
                -0.27938443422317505,
                -0.960179328918457,
                0.0
            ],
            [
                -2.3655132963540382e-08,
                -5.0048981847794494e-08,
                4.031128883361816,
                1.0
            ]
        ]
    },
    "r_015": {
        "R": [
            [
                0.9998744345462472,
                0.012184135854907132,
                -0.01012740210316819
            ],
            [
                0.01584353101182928,
                -0.768932534881577,
                0.6391335417636856
            ],
            [
                5.936451334321102e-10,
                -0.6392138374006711,
                -0.7690291464374364
            ]
        ],
        "T": [
            -1.025411231545437e-09,
            4.529012171280628e-08,
            4.031128999138474
        ],
        "Rt": [
            [
                0.9998744130134583,
                0.012184135615825653,
                -0.010127401910722256,
                0.0
            ],
            [
                0.015843531116843224,
                -0.7689325213432312,
                0.6391335129737854,
                0.0
            ],
            [
                5.936451330512682e-10,
                -0.6392138600349426,
                -0.7690291404724121,
                0.0
            ],
            [
                -1.025411200394899e-09,
                4.529012187504122e-08,
                4.031128883361816,
                1.0
            ]
        ]
    },
    "r_016": {
        "R": [
            [
                0.4224444268024546,
                0.15754167173737968,
                -0.8925925009219834
            ],
            [
                0.9063887590214852,
                -0.07342610709040391,
                0.41601432711748054
            ],
            [
                1.1335998156455717e-10,
                -0.9847787169492394,
                -0.1738124818053368
            ]
        ],
        "T": [
            -5.5054942675156635e-08,
            2.1209823992142254e-09,
            4.03112900778241
        ],
        "Rt": [
            [
                0.4224444329738617,
                0.1575416773557663,
                -0.8925924897193909,
                0.0
            ],
            [
                0.9063887596130371,
                -0.07342610508203506,
                0.41601431369781494,
                0.0
            ],
            [
                1.1335996724648467e-10,
                -0.9847787022590637,
                -0.17381247878074646,
                0.0
            ],
            [
                -5.5054943715049376e-08,
                2.120982500741775e-09,
                4.031128883361816,
                1.0
            ]
        ]
    },
    "r_017": {
        "R": [
            [
                0.6304435821864155,
                -0.6513828853740179,
                0.4221863134076519
            ],
            [
                -0.7762350997140638,
                -0.529040896129514,
                0.3428917624241116
            ],
            [
                -8.716569572953467e-09,
                -0.543889801611925,
                -0.8391567378700734
            ]
        ],
        "T": [
            -7.148398478934936e-09,
            -1.7343741552521895e-09,
            4.031128985082305
        ],
        "Rt": [
            [
                0.6304435729980469,
                -0.6513828635215759,
                0.42218631505966187,
                0.0
            ],
            [
                -0.7762351036071777,
                -0.5290408730506897,
                0.34289175271987915,
                0.0
            ],
            [
                -8.716569688260734e-09,
                -0.5438898205757141,
                -0.8391567468643188,
                0.0
            ],
            [
                -7.148398317724514e-09,
                -1.73437419981326e-09,
                4.031128883361816,
                1.0
            ]
        ]
    },
    "r_018": {
        "R": [
            [
                0.9183759012024247,
                -0.3776708550962293,
                0.11811249028378763
            ],
            [
                -0.39570927221338853,
                -0.8765117298474153,
                0.27411959852938717
            ],
            [
                1.634451809622672e-09,
                -0.29848288855741767,
                -0.9544149091334236
            ]
        ],
        "T": [
            8.9575984077712e-09,
            6.494861002370231e-08,
            4.031128552514614
        ],
        "Rt": [
            [
                0.9183759093284607,
                -0.37767085433006287,
                0.1181124895811081,
                0.0
            ],
            [
                -0.3957092761993408,
                -0.8765117526054382,
                0.2741195857524872,
                0.0
            ],
            [
                1.6344517961286442e-09,
                -0.29848289489746094,
                -0.9544149041175842,
                0.0
            ],
            [
                8.957598218728435e-09,
                6.494860826933291e-08,
                4.031128406524658,
                1.0
            ]
        ]
    },
    "r_019": {
        "R": [
            [
                0.9479119431359472,
                -0.13511752498608673,
                0.2884548890790021
            ],
            [
                -0.3185325305681471,
                -0.4020923921022901,
                0.858404739325258
            ],
            [
                -8.311226605355905e-09,
                -0.9055742926729136,
                -0.4241875321017609
            ]
        ],
        "T": [
            2.13704599921657e-08,
            -5.517421318432892e-08,
            4.0311289325203905
        ],
        "Rt": [
            [
                0.9479119181632996,
                -0.1351175308227539,
                0.28845489025115967,
                0.0
            ],
            [
                -0.3185325264930725,
                -0.4020923972129822,
                0.8584047555923462,
                0.0
            ],
            [
                -8.31122637379167e-09,
                -0.9055743217468262,
                -0.4241875410079956,
                0.0
            ],
            [
                2.1370459180047874e-08,
                -5.517421186596039e-08,
                4.031128883361816,
                1.0
            ]
        ]
    },
    "r_020": {
        "R": [
            [
                -0.19415117345006636,
                -0.5180243250521591,
                0.8330403507244489
            ],
            [
                -0.9809716073640742,
                0.10252593389767257,
                -0.16487302970544715
            ],
            [
                -1.6607103112231012e-09,
                -0.8491992407247874,
                -0.5280726087795148
            ]
        ],
        "T": [
            7.87738006206749e-09,
            -4.7726654142748686e-08,
            4.0311288345284515
        ],
        "Rt": [
            [
                -0.19415117800235748,
                -0.5180243253707886,
                0.8330403566360474,
                0.0
            ],
            [
                -0.98097163438797,
                0.10252593457698822,
                -0.16487303376197815,
                0.0
            ],
            [
                -1.6607103470178686e-09,
                -0.8491992354393005,
                -0.5280725955963135,
                0.0
            ],
            [
                7.877379637477588e-09,
                -4.772665462837722e-08,
                4.031128883361816,
                1.0
            ]
        ]
    },
    "r_021": {
        "R": [
            [
                -0.1721881739630232,
                -0.5070717622123841,
                0.8445291325438802
            ],
            [
                -0.9850639987435386,
                0.08863561865906756,
                -0.14762281735436047
            ],
            [
                -6.784375821924948e-09,
                -0.8573343082109471,
                -0.5147601998267722
            ]
        ],
        "T": [
            9.83040827334556e-09,
            -1.7026123999170225e-08,
            4.031128845729232
        ],
        "Rt": [
            [
                -0.1721881777048111,
                -0.5070717334747314,
                0.8445291519165039,
                0.0
            ],
            [
                -0.9850639700889587,
                0.08863561600446701,
                -0.14762282371520996,
                0.0
            ],
            [
                -6.784375727875158e-09,
                -0.857334315776825,
                -0.5147601962089539,
                0.0
            ],
            [
                9.83040848723249e-09,
                -1.7026124510266527e-08,
                4.031128883361816,
                1.0
            ]
        ]
    },
    "r_022": {
        "R": [
            [
                -0.9124499953376375,
                0.34628450364014557,
                -0.21799511493943316
            ],
            [
                0.4091879504316095,
                0.7721812829586137,
                -0.4861082311311571
            ],
            [
                -3.200942247646897e-09,
                -0.532750463546386,
                -0.8462723985550421
            ]
        ],
        "T": [
            -3.938638886069764e-08,
            -6.414070090834293e-09,
            4.031128971066779
        ],
        "Rt": [
            [
                -0.9124500155448914,
                0.34628450870513916,
                -0.21799512207508087,
                0.0
            ],
            [
                0.4091879427433014,
                0.7721812725067139,
                -0.4861082434654236,
                0.0
            ],
            [
                -3.200942177983279e-09,
                -0.5327504873275757,
                -0.8462724089622498,
                0.0
            ],
            [
                -3.9386389261153454e-08,
                -6.414069719795634e-09,
                4.031128883361816,
                1.0
            ]
        ]
    },
    "r_023": {
        "R": [
            [
                0.15587150756001106,
                -0.5917493030506189,
                0.7909088155048778
            ],
            [
                -0.9877773912195141,
                -0.09337817415998942,
                0.1248055903710425
            ],
            [
                2.662255118969231e-09,
                -0.8006954036690521,
                -0.5990715457910123
            ]
        ],
        "T": [
            -9.754574794630659e-09,
            -3.972446427763963e-09,
            4.031128814153011
        ],
        "Rt": [
            [
                0.15587151050567627,
                -0.5917493104934692,
                0.7909088134765625,
                0.0
            ],
            [
                -0.9877774119377136,
                -0.09337817132472992,
                0.12480559200048447,
                0.0
            ],
            [
                2.6622550830524006e-09,
                -0.8006954193115234,
                -0.5990715622901917,
                0.0
            ],
            [
                -9.754574925580073e-09,
                -3.972446371847127e-09,
                4.031128883361816,
                1.0
            ]
        ]
    },
    "r_024": {
        "R": [
            [
                -0.6293519232559259,
                0.5191557903597817,
                -0.5782676992565743
            ],
            [
                0.7771205449406607,
                0.4204388710046967,
                -0.46831071352479364
            ],
            [
                1.1957750675395245e-08,
                -0.7441159444195923,
                -0.6680505865621037
            ]
        ],
        "T": [
            1.2243895046021396e-08,
            1.1044978044507719e-07,
            4.0311289926402525
        ],
        "Rt": [
            [
                -0.6293519139289856,
                0.5191558003425598,
                -0.5782676935195923,
                0.0
            ],
            [
                0.7771205306053162,
                0.42043888568878174,
                -0.46831071376800537,
                0.0
            ],
            [
                1.1957750345459317e-08,
                -0.744115948677063,
                -0.6680505871772766,
                0.0
            ],
            [
                1.2243894786934106e-08,
                1.1044978265317695e-07,
                4.031128883361816,
                1.0
            ]
        ]
    },
    "r_025": {
        "R": [
            [
                -0.6975054098432362,
                0.4933420874027149,
                -0.5197113102273637
            ],
            [
                0.7165795893203403,
                0.4802101651898224,
                -0.505877454218525
            ],
            [
                1.3715453543139732e-08,
                -0.7252667762993655,
                -0.6884679844301684
            ]
        ],
        "T": [
            1.3364849874151494e-07,
            -2.7806436019651053e-08,
            4.031128866503932
        ],
        "Rt": [
            [
                -0.6975054144859314,
                0.4933421015739441,
                -0.5197113156318665,
                0.0
            ],
            [
                0.7165796160697937,
                0.48021015524864197,
                -0.5058774352073669,
                0.0
            ],
            [
                1.3715453661689025e-08,
                -0.7252667546272278,
                -0.6884679794311523,
                0.0
            ],
            [
                1.3364849849040183e-07,
                -2.7806434488297782e-08,
                4.031128883361816,
                1.0
            ]
        ]
    },
    "r_026": {
        "R": [
            [
                0.9668608275112546,
                0.055865259368894735,
                -0.24911686543833117
            ],
            [
                0.2553040094682176,
                -0.21156710917185623,
                0.943429524218546
            ],
            [
                -7.5280005038768e-10,
                -0.9757655315484817,
                -0.21881860064545638
            ]
        ],
        "T": [
            -8.645210375718735e-09,
            3.538199697502943e-08,
            4.0311289125062615
        ],
        "Rt": [
            [
                0.966860830783844,
                0.05586525797843933,
                -0.24911686778068542,
                0.0
            ],
            [
                0.2553040087223053,
                -0.21156710386276245,
                0.9434295296669006,
                0.0
            ],
            [
                -7.528000445233829e-10,
                -0.9757655262947083,
                -0.21881860494613647,
                0.0
            ],
            [
                -8.645210769486766e-09,
                3.538199777608497e-08,
                4.031128883361816,
                1.0
            ]
        ]
    },
    "r_027": {
        "R": [
            [
                0.9602748717122872,
                0.25642377027057817,
                -0.1100864762928617
            ],
            [
                0.27905583646752713,
                -0.8823943124922824,
                0.3788247595379119
            ],
            [
                -7.956046163937218e-09,
                -0.3944962432728529,
                -0.9188975811616903
            ]
        ],
        "T": [
            -2.1820426840611586e-09,
            -2.224744181327684e-08,
            4.031128907904044
        ],
        "Rt": [
            [
                0.960274875164032,
                0.2564237713813782,
                -0.11008647829294205,
                0.0
            ],
            [
                0.2790558338165283,
                -0.8823943138122559,
                0.37882477045059204,
                0.0
            ],
            [
                -7.956046488288848e-09,
                -0.39449623227119446,
                -0.9188975691795349,
                0.0
            ],
            [
                -2.182042768694714e-09,
                -2.224744122258926e-08,
                4.031128883361816,
                1.0
            ]
        ]
    },
    "r_028": {
        "R": [
            [
                -0.32118823314482486,
                0.3022049840981678,
                -0.8975023532484054
            ],
            [
                0.9470153307579323,
                0.10249538706984675,
                -0.30439549653901987
            ],
            [
                1.283041203659096e-08,
                -0.9477167179883593,
                -0.31911308861921905
            ]
        ],
        "T": [
            2.29816546467717e-08,
            6.648200947046668e-08,
            4.031129304664438
        ],
        "Rt": [
            [
                -0.3211882412433624,
                0.30220499634742737,
                -0.8975023627281189,
                0.0
            ],
            [
                0.9470153450965881,
                0.10249538719654083,
                -0.30439549684524536,
                0.0
            ],
            [
                1.2830412288167281e-08,
                -0.9477167129516602,
                -0.3191130757331848,
                0.0
            ],
            [
                2.2981655689591207e-08,
                6.648200923109471e-08,
                4.031129360198975,
                1.0
            ]
        ]
    },
    "r_029": {
        "R": [
            [
                0.6125458621385964,
                0.4511476455649496,
                -0.6490403193638572
            ],
            [
                0.7904350333928046,
                -0.3496158325359438,
                0.5029723059279979
            ],
            [
                3.852402806002477e-09,
                -0.8211178777620884,
                -0.5707587346587746
            ]
        ],
        "T": [
            2.8479655921085435e-08,
            1.3137179725276945e-07,
            4.031128890204194
        ],
        "Rt": [
            [
                0.6125458478927612,
                0.4511476457118988,
                -0.6490403413772583,
                0.0
            ],
            [
                0.7904350161552429,
                -0.34961584210395813,
                0.5029723048210144,
                0.0
            ],
            [
                3.852402841175717e-09,
                -0.8211178779602051,
                -0.5707587599754333,
                0.0
            ],
            [
                2.8479655966862083e-08,
                1.3137179166733404e-07,
                4.031128883361816,
                1.0
            ]
        ]
    },
    "r_030": {
        "R": [
            [
                0.0560200511693767,
                -0.3089674573034153,
                0.9494213221288051
            ],
            [
                -0.998429751652373,
                -0.017335594249415512,
                0.05327027951686694
            ],
            [
                -1.2820456558319424e-09,
                -0.9509146550630545,
                -0.3094534044308816
            ]
        ],
        "T": [
            -4.895583548534455e-09,
            2.430679323200572e-08,
            4.031128829121405
        ],
        "Rt": [
            [
                0.05602005124092102,
                -0.3089674711227417,
                0.9494213461875916,
                0.0
            ],
            [
                -0.9984297752380371,
                -0.017335593700408936,
                0.05327028036117554,
                0.0
            ],
            [
                -1.2820456918305467e-09,
                -0.9509146809577942,
                -0.30945339798927307,
                0.0
            ],
            [
                -4.895583494146649e-09,
                2.4306793022788042e-08,
                4.031128883361816,
                1.0
            ]
        ]
    },
    "r_031": {
        "R": [
            [
                -0.4443941531612409,
                -0.5107893363281835,
                0.7359402475290518
            ],
            [
                -0.8958313024968814,
                0.2533867616915586,
                -0.3650771518848981
            ],
            [
                -3.0411405227420904e-09,
                -0.8215165383888727,
                -0.5701847015125249
            ]
        ],
        "T": [
            4.627619110389275e-08,
            1.1250361024753393e-07,
            4.0311288901269124
        ],
        "Rt": [
            [
                -0.44439414143562317,
                -0.5107893347740173,
                0.7359402179718018,
                0.0
            ],
            [
                -0.895831286907196,
