{
    "r_000": {
        "transformation_matrices": [
            [
                [
                    0.8995470404624939,
                    0.08267868310213089,
                    -0.4289281964302063,
                    -0.0009419939015060663
                ],
                [
                    0.1058531403541565,
                    -0.9939163327217102,
                    0.030411429703235626,
                    -0.2117995023727417
                ],
                [
                    -0.4238046407699585,
                    -0.07275998592376709,
                    -0.9028261303901672,
                    0.0275530144572258
                ],
                [
                    0.0,
                    0.0,
                    0.0,
                    1.0
                ]
            ],
            [
                [
                    0.9596591591835022,
                    -0.27635934948921204,
                    0.0517643466591835,
                    0.06001652032136917
                ],
                [
                    0.2662492096424103,
                    0.9523830413818359,
                    0.1485859900712967,
                    -0.1144384816288948
                ],
                [
                    -0.09036271274089813,
                    -0.12880970537662506,
                    0.9875437617301941,
                    0.01138228178024292
                ],
                [
                    0.0,
                    0.0,
                    0.0,
                    1.0
                ]
            ],
            [
                [
                    0.938964307308197,
                    0.34401142597198486,
                    0.0013784468173980713,
                    -0.06879135966300964
                ],
                [
                    -0.31845492124557495,
                    0.8676792979240417,
                    0.38173115253448486,
                    -0.12996317446231842
                ],
                [
                    0.1301240772008896,
                    -0.3588709235191345,
                    0.9242722392082214,
                    0.06819086521863937
                ],
                [
                    0.0,
                    0.0,
                    0.0,
                    1.0
                ]
            ],
            [
                [
                    0.997908890247345,
                    -0.056210827082395554,
                    -0.03190943971276283,
                    0.014886552467942238
                ],
                [
                    0.049041926860809326,
                    0.9800310134887695,
                    -0.1926998794078827,
                    -0.31653183698654175
                ],
                [
                    0.04210427403450012,
                    0.19073201715946198,
                    0.9807383418083191,
                    0.04098903387784958
                ],
                [
                    0.0,
                    0.0,
                    0.0,
                    1.0
                ]
            ],
            [
                [
                    0.9635344743728638,
                    -0.21256296336650848,
                    -0.16253650188446045,
                    0.13463063538074493
                ],
                [
                    0.11803821474313736,
                    0.8827714920043945,
                    -0.4547322392463684,
                    0.24639847874641418
                ],
                [
                    0.2401418685913086,
                    0.4189647138118744,
                    0.8756713271141052,
                    -0.05485057830810547
                ],
                [
                    0.0,
                    0.0,
                    0.0,
                    1.0
                ]
            ],
            [
                [
                    0.9783728718757629,
                    -0.10411439836025238,
                    0.17873644828796387,
                    -0.2974711060523987
                ],
                [
                    0.20519530773162842,
                    0.5975590944290161,
                    -0.7751246094703674,
                    0.1749432533979416
                ],
                [
                    -0.026103951036930084,
                    0.795036792755127,
                    0.6059993505477905,
                    0.05094142630696297
                ],
                [
                    0.0,
                    0.0,
                    0.0,
                    1.0
                ]
            ],
            [
                [
                    0.9999068975448608,
                    0.0013838543090969324,
                    -0.013579623773694038,
                    0.012285688892006874
                ],
                [
                    -0.00011729099787771702,
                    0.9956790208816528,
                    0.09283078461885452,
                    -0.4422317445278168
                ],
                [
                    0.013649120926856995,
                    -0.09282056987285614,
                    0.9955865144729614,
                    0.012387659400701523
                ],
                [
                    0.0,
                    0.0,
                    0.0,
                    1.0
                ]
            ],
            [
                [
                    0.8919920325279236,
                    0.4454966187477112,
                    -0.07669506967067719,
                    0.3211560547351837
                ],
                [
                    -0.45198822021484375,
                    0.8817575573921204,
                    -0.1349429339170456,
                    0.5783675909042358
                ],
                [
                    0.007509484887123108,
                    0.15503346920013428,
                    0.987880289554596,
                    0.054996028542518616
                ],
                [
                    0.0,
                    0.0,
                    0.0,
                    1.0
                ]
            ],
            [
                [
                    0.9223671555519104,
                    -0.35646021366119385,
                    -0.1489121913909912,
                    -0.2445218563079834
                ],
                [
                    0.351494699716568,
                    0.9343070387840271,
                    -0.05933740735054016,
                    0.4807722568511963
                ],
                [
                    0.16028127074241638,
                    0.0023889541625976562,
                    0.9870680570602417,
                    0.29748666286468506
                ],
                [
                    0.0,
                    0.0,
                    0.0,
                    1.0
                ]
            ],
            [
                [
                    0.9999228715896606,
                    0.0047886306419968605,
                    -0.011462666094303131,
                    0.0002523595467209816
                ],
                [
                    -0.00547352060675621,
                    0.9981539249420166,
                    -0.060483746230602264,
                    -0.48746466636657715
                ],
                [
                    0.011151807382702827,
                    0.060541823506355286,
                    0.9981030821800232,
                    -0.01970728114247322
                ],
                [
                    0.0,
                    0.0,
                    0.0,
                    1.0
                ]
            ],
            [
                [
                    0.9264631271362305,
                    -0.3445093333721161,
                    -0.15158069133758545,
                    0.30078834295272827
                ],
                [
                    0.3676329255104065,
                    0.9146285653114319,
                    0.16822832822799683,
                    0.6881811022758484
                ],
                [
                    0.08068382740020752,
                    -0.21158333122730255,
                    0.9740225672721863,
                    -0.013168998062610626
                ],
                [
                    0.0,
                    0.0,
                    0.0,
                    1.0
                ]
            ],
            [
                [
                    0.8915007710456848,
                    0.3466894030570984,
                    -0.2916001081466675,
                    -0.31724298000335693
                ],
                [
                    -0.21714583039283752,
                    0.8919487595558167,
                    0.39657798409461975,
                    0.5828306674957275
                ],
                [
                    0.3975815773010254,
                    -0.29023057222366333,
                    0.8704552054405212,
                    0.26054954528808594
                ],
                [
                    0.0,
                    0.0,
                    0.0,
                    1.0
                ]
            ],
            [
                [
                    0.9911692142486572,
                    -0.10243780165910721,
                    -0.08419403433799744,
                    0.015574416145682335
                ],
                [
                    0.11142758280038834,
                    0.9876536130905151,
                    0.11010026931762695,
                    -0.7031161785125732
                ],
                [
                    0.07187504321336746,
                    -0.11851022392511368,
                    0.9903472661972046,
                    -0.017659831792116165
                ],
                [
                    0.0,
                    0.0,
                    0.0,
                    1.0
                ]
            ],
            [
                [
                    0.9587885141372681,
                    -0.2824328541755676,
                    -0.030888956040143967,
                    0.08037910610437393
                ],
                [
                    0.2840237617492676,
                    0.95557701587677,
                    0.07874587923288345,
                    -0.6052578687667847
                ],
                [
                    0.007276566699147224,
                    -0.08427384495735168,
                    0.9964160919189453,
                    -0.0482499822974205
                ],
                [
                    0.0,
                    0.0,
                    0.0,
                    1.0
                ]
            ],
            [
                [
                    0.9394499063491821,
                    0.3426488935947418,
                    0.0048757754266262054,
                    -0.05064086616039276
                ],
                [
                    -0.341743141412735,
                    0.9357234835624695,
                    0.08735819905996323,
                    -0.6145545840263367
                ],
                [
                    0.025370698422193527,
                    -0.08373478055000305,
                    0.9961650371551514,
                    0.030513744801282883
                ],
                [
                    0.0,
                    0.0,
                    0.0,
                    1.0
                ]
            ],
            [
                [
                    0.9819943308830261,
                    0.1886265128850937,
                    -0.010324554517865181,
                    -0.013804931193590164
                ],
                [
                    -0.18707861006259918,
                    0.9786163568496704,
                    0.08550442010164261,
                    -0.7630473971366882
                ],
                [
                    0.026232421398162842,
                    -0.08203326910734177,
                    0.9962843060493469,
                    -0.06413733959197998
                ],
                [
                    0.0,
                    0.0,
                    0.0,
                    1.0
                ]
            ],
            [
                [
                    0.9101603627204895,
                    -0.3634665012359619,
                    -0.19874532520771027,
                    0.14699065685272217
                ],
                [
                    0.39241769909858704,
                    0.910188615322113,
                    0.13253137469291687,
                    -0.6556572914123535
                ],
                [
                    0.1327250599861145,
                    -0.19861622154712677,
                    0.9710487127304077,
                    -0.08643585443496704
                ],
                [
                    0.0,
                    0.0,
                    0.0,
                    1.0
                ]
            ],
            [
                [
                    0.9441794753074646,
                    0.32087230682373047,
                    -0.07460445910692215,
                    -0.10862758755683899
                ],
                [
                    -0.30210578441619873,
                    0.9336732029914856,
                    0.19231799244880676,
                    -0.6820343136787415
                ],
                [
                    0.13136570155620575,
                    -0.1590442657470703,
                    0.9784926772117615,
                    0.06606605648994446
                ],
                [
                    0.0,
                    0.0,
                    0.0,
                    1.0
                ]
            ],
            [
                [
                    0.9729422330856323,
                    -0.16877657175064087,
                    -0.15779075026512146,
                    0.3226062059402466
                ],
                [
                    0.20931336283683777,
                    0.9330329298973083,
                    0.29263877868652344,
                    -0.7887214422225952
                ],
                [
                    0.09783339500427246,
                    -0.31774836778640747,
                    0.9431143403053284,
                    -0.22084946930408478
                ],
                [
                    0.0,
                    0.0,
                    0.0,
                    1.0
                ]
            ],
            [
                [
                    0.5921738743782043,
                    0.029519900679588318,
                    0.8052692413330078,
                    -0.2615661919116974
                ],
                [
                    -0.25841259956359863,
                    0.953506350517273,
                    0.15507584810256958,
                    -0.8369927406311035
                ],
                [
                    -0.7632514238357544,
                    -0.29992368817329407,
                    0.5722699165344238,
                    0.19222575426101685
                ],
                [
                    0.0,
                    0.0,
                    0.0,
                    1.0
                ]
            ],
            [
                [
                    0.9781798124313354,
                    -0.05566254258155823,
                    -0.20015820860862732,
                    0.42161983251571655
                ],
                [
                    0.06222743168473244,
                    0.9977059960365295,
                    0.02665225975215435,
                    -0.9690356254577637
                ],
                [
                    0.19821549952030182,
                    -0.038526732474565506,
                    0.9793997406959534,
                    -0.3497321605682373
                ],
                [
                    0.0,
                    0.0,
                    0.0,
                    1.0
                ]
            ],
            [
                [
                    0.9867804050445557,
                    -0.01796780712902546,
                    -0.16105607151985168,
                    -0.3970053195953369
                ],
                [
                    0.020385168492794037,
                    0.9997027516365051,
                    0.013370157219469547,
                    -1.0109792947769165
                ],
                [
                    0.16076797246932983,
                    -0.016476931050419807,
                    0.9868534207344055,
                    0.0748811587691307
                ],
                [
                    0.0,
                    0.0,
                    0.0,
                    1.0
                ]
            ],
            [
                [
                    0.9874432682991028,
                    -0.1346707046031952,
                    0.08256848901510239,
                    0.4543837904930115
                ],
                [
                    0.12568582594394684,
                    0.9864146709442139,
                    0.10577269643545151,
                    -1.0246074199676514
                ],
                [
                    -0.09569133073091507,
                    -0.09406603127717972,
                    0.9909561276435852,
                    -0.4004058837890625
                ],
                [
                    0.0,
                    0.0,
                    0.0,
                    1.0
                ]
            ],
            [
                [
                    0.9961761236190796,
                    0.06677640974521637,
                    0.05632202699780464,
                    -0.4554707407951355
                ],
                [
                    -0.07127496600151062,
                    0.9940750002861023,
                    0.0820583626627922,
                    -1.0657209157943726
                ],
                [
                    -0.05050880089402199,
                    -0.08575987815856934,
                    0.9950344562530518,
                    0.057405054569244385
                ],
                [
                    0.0,
                    0.0,
                    0.0,
                    1.0
                ]
            ]
        ]
    },
    "r_001": {
        "transformation_matrices": [
            [
                [
                    -0.5280026197433472,
                    -0.1908576488494873,
                    0.8275185823440552,
                    -0.0009663004311732948
                ],
                [
                    -0.21890269219875336,
                    -0.9109054207801819,
                    -0.34976184368133545,
                    -0.21054789423942566
                ],
                [
                    0.8205455541610718,
                    -0.3658210039138794,
                    0.4391811192035675,
                    0.027666136622428894
                ],
                [
                    0.0,
                    0.0,
                    0.0,
                    1.0
                ]
            ],
            [
                [
                    0.8357921242713928,
                    -0.5487096309661865,
                    -0.019216500222682953,
                    -0.028501804918050766
                ],
                [
                    0.5239810943603516,
                    0.7866937518119812,
                    0.32643014192581177,
                    -0.1411232352256775
                ],
                [
                    -0.1639978587627411,
                    -0.28289681673049927,
                    0.9450259208679199,
                    0.1158943921327591
                ],
                [
                    0.0,
                    0.0,
                    0.0,
                    1.0
                ]
            ],
            [
                [
                    0.9506075382232666,
                    0.310314416885376,
                    -0.007085651159286499,
                    0.048864372074604034
                ],
                [
                    -0.3006015121936798,
                    0.9260624051094055,
                    0.2281380593776703,
                    -0.11220484226942062
                ],
                [
                    0.07735636830329895,
                    -0.21473976969718933,
                    0.9736030101776123,
                    0.0011074971407651901
                ],
                [
                    0.0,
                    0.0,
                    0.0,
                    1.0
                ]
            ],
            [
                [
                    0.9928010702133179,
                    0.1170157641172409,
                    0.02555844746530056,
                    -0.03799079358577728
                ],
                [
                    -0.10625915229320526,
                    0.9589572548866272,
                    -0.26288554072380066,
                    -0.2969103753566742
                ],
                [
                    -0.055271655321121216,
                    0.25827720761299133,
                    0.9644879102706909,
                    -0.022150058299303055
                ],
                [
                    0.0,
                    0.0,
                    0.0,
                    1.0
                ]
            ],
            [
                [
                    0.9969173073768616,
                    -0.06998614966869354,
                    -0.03546614944934845,
                    -0.019048448652029037
                ],
                [
                    0.02765311300754547,
                    0.7364416122436523,
                    -0.675935685634613,
                    0.029083192348480225
                ],
                [
                    0.07342489063739777,
                    0.6728711724281311,
                    0.7361066937446594,
                    0.4492971897125244
                ],
                [
                    0.0,
                    0.0,
                    0.0,
                    1.0
                ]
            ],
            [
                [
                    0.8987863063812256,
                    -0.26217320561408997,
                    0.3513519763946533,
                    0.25397989153862
                ],
                [
                    0.4097568690776825,
                    0.7872939109802246,
                    -0.46072471141815186,
                    0.20827028155326843
                ],
                [
                    -0.15582753717899323,
                    0.5580620765686035,
                    0.8150362968444824,
                    0.03051242046058178
                ],
                [
                    0.0,
                    0.0,
                    0.0,
                    1.0
                ]
            ],
            [
                [
                    0.9769038558006287,
                    -0.20362739264965057,
                    -0.06471176445484161,
                    -0.045757539570331573
                ],
                [
                    0.20441091060638428,
                    0.9788657426834106,
                    0.005652019288390875,
                    -0.4239655137062073
                ],
                [
                    0.06219274178147316,
                    -0.018751991912722588,
                    0.997887372970581,
                    -0.03815952688455582
                ],
                [
                    0.0,
                    0.0,
                    0.0,
                    1.0
                ]
            ],
            [
                [
                    0.8754627704620361,
                    0.4594575762748718,
                    -0.14987775683403015,
                    -0.2234724760055542
                ],
                [
                    -0.4788929522037506,
                    0.7830175161361694,
                    -0.39691847562789917,
                    0.3346122205257416
                ],
                [
                    -0.06501064449548721,
                    0.4192627966403961,
                    0.9055338501930237,
                    0.5973883271217346
                ],
                [
                    0.0,
                    0.0,
                    0.0,
                    1.0
                ]
            ],
            [
                [
                    0.8748314380645752,
                    -0.29334375262260437,
                    -0.3855111300945282,
                    0.16698741912841797
                ],
                [
                    0.2757089138031006,
                    0.9558494687080383,
                    -0.1016656756401062,
                    0.5907447338104248
                ],
                [
                    0.39831358194351196,
                    -0.017348378896713257,
                    0.917084813117981,
                    0.08772014081478119
                ],
                [
                    0.0,
                    0.0,
                    0.0,
                    1.0
                ]
            ],
            [
                [
                    0.9918051362037659,
                    0.12746788561344147,
                    0.008601507171988487,
                    -0.019651995971798897
                ],
                [
                    -0.12712010741233826,
                    0.9913339614868164,
                    -0.033121246844530106,
                    -0.47389283776283264
                ],
                [
                    -0.01274898275732994,
                    0.03175647184252739,
                    0.999414324760437,
                    -0.0387900248169899
                ],
                [
                    0.0,
                    0.0,
                    0.0,
                    1.0
                ]
            ],
            [
                [
                    0.6599622964859009,
                    -0.29115334153175354,
                    -0.6925868988037109,
                    -0.2067340612411499
                ],
                [
                    0.36779141426086426,
                    0.9290436506271362,
                    -0.040088728070259094,
                    0.4165453314781189
                ],
                [
                    0.6551153659820557,
                    -0.22827079892158508,
                    0.7202173471450806,
                    0.6980429291725159
                ],
                [
                    0.0,
                    0.0,
                    0.0,
                    1.0
                ]
            ],
            [
                [
                    0.9162291288375854,
                    0.390026330947876,
                    -0.0916551798582077,
                    0.26835358142852783
                ],
                [
                    -0.3665611743927002,
                    0.9083829522132874,
                    0.20117950439453125,
                    0.6595796346664429
                ],
                [
                    0.1617233157157898,
                    -0.15072917938232422,
                    0.9752556681632996,
                    0.1328747570514679
                ],
                [
                    0.0,
                    0.0,
                    0.0,
                    1.0
                ]
            ],
            [
                [
                    0.9947372674942017,
                    -0.08345121145248413,
                    -0.05942445993423462,
                    -0.05409962683916092
                ],
                [
                    0.08469898998737335,
                    0.9962285757064819,
                    0.018787944689393044,
                    -0.675597071647644
                ],
                [
                    0.05763206630945206,
                    -0.023723432794213295,
                    0.9980555176734924,
                    -0.1059933751821518
                ],
                [
                    0.0,
                    0.0,
                    0.0,
                    1.0
                ]
            ],
            [
                [
                    0.984355092048645,
                    -0.17590655386447906,
                    0.009996064007282257,
                    -0.08581691980361938
                ],
                [
                    0.17038488388061523,
                    0.9648316502571106,
                    0.20016872882843018,
                    -0.6006811857223511
                ],
                [
                    -0.044855594635009766,
                    -0.19533327221870422,
                    0.9797102808952332,
                    -0.0164461899548769
                ],
                [
                    0.0,
                    0.0,
                    0.0,
                    1.0
                ]
            ],
            [
                [
                    0.9354890584945679,
                    0.3486757278442383,
                    -0.057301655411720276,
                    -0.012665631249547005
                ],
                [
                    -0.3321745693683624,
                    0.9230778217315674,
                    0.19387036561965942,
                    -0.5705164670944214
                ],
                [
                    0.12049183249473572,
                    -0.16232885420322418,
                    0.9793521165847778,
                    -0.14708122611045837
                ],
                [
                    0.0,
                    0.0,
                    0.0,
                    1.0
                ]
            ],
            [
                [
                    0.9998039603233337,
                    -0.012306024320423603,
                    -0.015513963997364044,
                    -0.007452256977558136
                ],
                [
                    0.011609748005867004,
                    0.9989548921585083,
                    -0.044200390577316284,
                    -0.7417179346084595
                ],
                [
                    0.01604180410504341,
                    0.04401162266731262,
                    0.9989019632339478,
                    -0.09779521822929382
                ],
                [
                    0.0,
                    0.0,
                    0.0,
                    1.0
                ]
            ],
            [
                [
                    0.8605692982673645,
                    -0.4436566233634949,
                    -0.25017768144607544,
                    -0.13912023603916168
                ],
                [
                    0.49709081649780273,
                    0.8386297821998596,
                    0.22271165251731873,
                    -0.6573804020881653
                ],
                [
                    0.11099899560213089,
                    -0.31602007150650024,
                    0.9422370195388794,
                    0.03232526034116745
                ],
                [
                    0.0,
                    0.0,
                    0.0,
                    1.0
                ]
            ],
            [
                [
                    0.9953984618186951,
                    -0.08538703620433807,
                    0.043481096625328064,
                    0.003199039027094841
                ],
                [
                    0.061583708971738815,
                    0.9177308082580566,
                    0.3923996388912201,
                    -0.6133116483688354
                ],
                [
                    -0.07340981066226959,
                    -0.38791623711586,
                    0.918766438961029,
                    -0.23122024536132812
                ],
                [
                    0.0,
                    0.0,
                    0.0,
                    1.0
                ]
            ],
            [
                [
                    0.9072138071060181,
                    0.09709284454584122,
                    -0.40931132435798645,
                    -0.26375383138656616
                ],
                [
                    0.09389769285917282,
                    0.901713490486145,
                    0.4220142960548401,
                    -0.8381928205490112
                ],
                [
                    0.41005611419677734,
                    -0.42129063606262207,
                    0.8089300990104675,
                    0.16828879714012146
                ],
                [
                    0.0,
                    0.0,
                    0.0,
                    1.0
                ]
            ],
            [
                [
                    0.5532292723655701,
                    -0.18112309277057648,
                    0.8130998015403748,
                    0.11273013055324554
                ],
                [
                    -0.212034672498703,
                    0.9133108854293823,
                    0.3477131724357605,
                    -0.6162087917327881
                ],
                [
                    -0.8055918216705322,
                    -0.3647705912590027,
                    0.4668658673763275,
                    -0.45785149931907654
                ],
                [
                    0.0,
                    0.0,
                    0.0,
                    1.0
                ]
            ],
            [
                [
                    0.9744539260864258,
                    -0.06888613849878311,
                    -0.21375633776187897,
                    -0.264622300863266
                ],
                [
                    0.05623983219265938,
                    0.9963187575340271,
                    -0.06469752639532089,
                    -1.0607731342315674
                ],
                [
                    0.21742621064186096,
                    0.05102243274450302,
                    0.9747411012649536,
                    0.2663498818874359
                ],
                [
                    0.0,
                    0.0,
                    0.0,
                    1.0
                ]
            ],
            [
                [
                    0.9930230379104614,
                    0.1177271157503128,
                    -0.006564039271324873,
                    0.2770542502403259
                ],
                [
                    -0.11781994998455048,
                    0.9885515570640564,
                    -0.09424345195293427,
                    -0.7965304255485535
                ],
                [
                    -0.004606432281434536,
                    0.09435951709747314,
                    0.9955275058746338,
                    -0.5125267505645752
                ],
                [
                    0.0,
                    0.0,
                    0.0,
                    1.0
                ]
            ],
            [
                [
                    0.9991136193275452,
                    -0.0018800997640937567,
                    0.04203556850552559,
                    -0.25773701071739197
                ],
                [
                    -0.0017893285257741809,
                    0.996199369430542,
                    0.08708406984806061,
                    -1.1335899829864502
                ],
                [
                    -0.04203953221440315,
                    -0.08708208799362183,
                    0.9953129887580872,
                    0.3035455048084259
                ],
                [
                    0.0,
                    0.0,
                    0.0,
                    1.0
                ]
            ],
            [
                [
                    0.9896082282066345,
                    0.027087703347206116,
                    -0.1412091702222824,
                    0.3326081931591034
                ],
                [
                    -0.012420306913554668,
                    0.9945275187492371,
                    0.10373374074697495,
                    -0.8508455157279968
                ],
                [
                    0.14324630796909332,
                    -0.10090173780918121,
                    0.9845289587974548,
                    -0.5385620594024658
                ],
                [
                    0.0,
                    0.0,
                    0.0,
                    1.0
                ]
            ]
        ]
    },
    "r_002": {
        "transformation_matrices": [
            [
                [
                    0.7843933701515198,
                    0.0746115893125534,
                    -0.6157602667808533,
                    -0.0009397143730893731
                ],
                [
                    -0.054245591163635254,
                    -0.9806833267211914,
                    -0.18793083727359772,
                    -0.2122383713722229
                ],
                [
                    -0.6178873777389526,
                    0.1808137595653534,
                    -0.7651944160461426,
                    0.02738509327173233
                ],
                [
                    0.0,
                    0.0,
                    0.0,
                    1.0
                ]
            ],
            [
                [
                    0.9566834568977356,
                    -0.2897677719593048,
                    0.028130698949098587,
                    0.05407018959522247
                ],
                [
                    0.27676624059677124,
                    0.9352028369903564,
                    0.22089803218841553,
                    -0.125642329454422
                ],
                [
                    -0.09031709283590317,
                    -0.20354385673999786,
                    0.9748910665512085,
                    -0.02679741382598877
                ],
                [
                    0.0,
                    0.0,
                    0.0,
                    1.0
                ]
            ],
            [
                [
                    0.9357337355613708,
                    0.35269421339035034,
                    0.0030070096254348755,
                    -0.058976802974939346
                ],
                [
                    -0.3378598093986511,
                    0.89386385679245,
                    0.29471680521965027,
                    -0.11925621330738068
                ],
                [
                    0.10125719010829926,
                    -0.27679243683815,
                    0.9555798172950745,
                    0.05802415311336517
                ],
                [
                    0.0,
                    0.0,
                    0.0,
                    1.0
                ]
            ],
            [
                [
                    0.9964967370033264,
                    0.08093143254518509,
                    -0.021075453609228134,
                    0.018402671441435814
                ],
                [
                    -0.08359670639038086,
                    0.9711140394210815,
                    -0.22349075973033905,
                    -0.3104385733604431
                ],
                [
                    0.002378922887146473,
                    0.22446966171264648,
                    0.9744777083396912,
                    0.06468339264392853
                ],
                [
                    0.0,
                    0.0,
                    0.0,
                    1.0
                ]
            ],
            [
                [
