[{"id": 0, "img_name": "r_000", "width": 800, "height": 800, "position": [2.3083491325378422, -3.2564148902893075, 0.5632811188697815], "rotation": [[0.8158209919929504, 0.0808081477880478, -0.5726309418678284], [0.5783045887947081, -0.11399699747562407, 0.8078171014785769], [-7.45058146483413e-09, -0.9901891946792604, -0.13973285257816315]], "fy": 1111.1110311937682, "fx": 1111.1110311937682}, {"id": 1, "img_name": "r_001", "width": 800, "height": 800, "position": [-3.097774982452392, 1.9869594573974616, 1.644926309585571], "rotation": [[-0.539898455142975, -0.34347301721572876, 0.7684633731842042], [-0.8417302370071412, 0.22030876576900485, -0.49290397763252264], [-0.0, -0.9129568338394164, -0.40805599093437195]], "fy": 1111.1110311937682, "fx": 1111.1110311937682}, {"id": 2, "img_name": "r_002", "width": 800, "height": 800, "position": [2.8172178268432613, -2.7394497394561768, -0.8992769122123718], "rotation": [[0.6971422433853149, -0.15993565320968625, -0.6988656520843504], [0.7169328331947327, 0.15552069246768957, 0.6795737743377687], [-7.4505806010208e-09, -0.9747994542121887, 0.22308312356472018]], "fy": 1111.1110311937682, "fx": 1111.1110311937682}, {"id": 3, "img_name": "r_003", "width": 800, "height": 800, "position": [-2.870233297348022, 1.9463826417922974, 2.0550804138183594], "rotation": [[-0.5612494945526123, -0.42193651199340815, 0.7120172381401062], [-0.8276466727256775, 0.2861265242099762, -0.48283809423446655], [-0.0, -0.8602913618087769, -0.5098026990890503]], "fy": 1111.1110311937682, "fx": 1111.1110311937682}, {"id": 4, "img_name": "r_004", "width": 800, "height": 800, "position": [0.7245235443115234, 0.4908819198608396, 3.9349842071533203], "rotation": [[-0.5609073042869567, 0.8081331849098208, -0.17973217368125916], [0.8278785943984984, 0.5475293993949889, -0.12177281826734539], [-7.450580605730507e-09, -0.21709959208965302, -0.9761494398117065]], "fy": 1111.1110311937682, "fx": 1111.1110311937682}, {"id": 5, "img_name": "r_005", "width": 800, "height": 800, "position": [1.2274887561798093, 3.3876159191131587, 1.8075755834579468], "rotation": [[-0.9401823878288268, 0.15275847911834717, -0.30450248718261713], [0.34067124128341675, 0.42158192396163946, -0.840364098548889], [-0.0, -0.893830895423889, -0.448404312133789]], "fy": 1111.1110311937682, "fx": 1111.1110311937682}, {"id": 6, "img_name": "r_006", "width": 800, "height": 800, "position": [-2.859769582748413, -1.1748313903808596, 2.5867912769317623], "rotation": [[0.3799971938133239, -0.593568205833435, 0.7094215154647829], [-0.9249876141548155, -0.24384570121765137, 0.29143980145454396], [-1.4901160285788023e-08, -0.7669525146484375, -0.6417039036750793]], "fy": 1111.1110311937682, "fx": 1111.1110311937682}, {"id": 7, "img_name": "r_007", "width": 800, "height": 800, "position": [0.446915864944458, 1.168456554412842, 3.8320980072021484], "rotation": [[-0.9340109825134277, 0.3396058082580566, -0.11086618155241014], [0.3572441935539246, 0.8878955841064452, -0.2898584008216859], [-7.450580184083557e-09, -0.31033733487129217, -0.9506264925003053]], "fy": 1111.1110311937682, "fx": 1111.1110311937682}, {"id": 8, "img_name": "r_008", "width": 800, "height": 800, "position": [-0.5853967666625977, -3.0243301391601567, 2.6001420021057124], "rotation": [[0.981777250766754, -0.12257572263479234, 0.14521905779838562], [-0.1900352090597153, -0.6332618594169617, 0.7502439618110657], [-7.4505801523799394e-09, -0.7641692161560057, -0.6450158357620239]], "fy": 1111.1110311937682, "fx": 1111.1110311937682}, {"id": 9, "img_name": "r_009", "width": 800, "height": 800, "position": [0.2950219213962554, -3.4023256301879883, 2.1417613029479976], "rotation": [[0.9962615370750425, 0.04589825868606565, -0.07318592816591261], [0.0863876715302467, -0.529319405555725, 0.8440130949020386], [5.8784942671382436e-18, -0.8471803069114685, -0.5313055515289306]], "fy": 1111.1110311937682, "fx": 1111.1110311937682}, {"id": 10, "img_name": "r_010", "width": 800, "height": 800, "position": [-2.942719459533691, -2.552107095718384, 1.0378586053848267], "rotation": [[0.6551870703697205, -0.19450321793556213, 0.7299989461898803], [-0.755466639995575, -0.16868513822555542, 0.6330999135971069], [2.0261538744738078e-17, -0.966288685798645, -0.2574610710144043]], "fy": 1111.1110311937682, "fx": 1111.1110311937682}, {"id": 11, "img_name": "r_011", "width": 800, "height": 800, "position": [1.5015046596527097, -2.5364921092987056, 2.749853134155274], "rotation": [[0.8605297207832334, 0.3474896550178527, -0.3724774718284606], [0.5094001293182372, -0.587014377117157, 0.6292262673377991], [-0.0, -0.7312079668045043, -0.6821545958518982]], "fy": 1111.1110311937682, "fx": 1111.1110311937682}, {"id": 12, "img_name": "r_012", "width": 800, "height": 800, "position": [-2.8562891483306885, 2.5017328262329106, 1.3538631200790405], "rotation": [[-0.6588743925094603, -0.25264570116996776, 0.7085581421852113], [-0.752252995967865, 0.22128434479236603, -0.6206035017967224], [-1.4901161198231852e-08, -0.9419146180152893, -0.33585208654403687]], "fy": 1111.1110311937682, "fx": 1111.1110311937682}, {"id": 13, "img_name": "r_013", "width": 800, "height": 800, "position": [3.9336783885955815, -0.6618513464927673, 0.5814874172210693], "rotation": [[0.16592039167881012, 0.1422498524188995, -0.9758254885673522], [0.9861391186714173, -0.023933898657560352, 0.164185106754303], [-1.86264503715227e-09, -0.9895413517951964, -0.1442492753267288]], "fy": 1111.1110311937682, "fx": 1111.1110311937682}, {"id": 14, "img_name": "r_014", "width": 800, "height": 800, "position": [0.3292217254638672, 1.0770411491394043, 3.870606660842895], "rotation": [[-0.956320345401764, 0.2806803286075592, -0.08166985958814621], [0.29232072830200195, 0.9182389378547668, -0.26718100905418396], [-7.450580594558673e-09, -0.27938449382781977, -0.9601793289184569]], "fy": 1111.1110311937682, "fx": 1111.1110311937682}, {"id": 15, "img_name": "r_015", "width": 800, "height": 800, "position": [0.04082487151026726, -2.5764298439025883, 3.10005521774292], "rotation": [[0.9998745322227477, 0.012184137478470799, -0.010127403773367405], [0.01584353111684322, -0.768932580947876, 0.6391335725784303], [9.313225746940423e-10, -0.6392137408256532, -0.7690290212631227]], "fy": 1111.1110311937682, "fx": 1111.1110311937682}, {"id": 16, "img_name": "r_016", "width": 800, "height": 800, "position": [3.598155260086059, -1.6770073175430296, 0.7006604671478273], "rotation": [[0.422444462776184, 0.1575416922569275, -0.8925924301147462], [0.9063888788223267, -0.07342611998319622, 0.41601431369781483], [1.2387210311363595e-17, -0.9847788214683532, -0.1738124638795853]], "fy": 1111.1110311937682, "fx": 1111.1110311937682}, {"id": 17, "img_name": "r_017", "width": 800, "height": 800, "position": [-1.7018874883651725, -1.382241129875183, 3.3827486038207994], "rotation": [[0.630443513393402, -0.651382863521576, 0.4221863150596618], [-0.7762351036071777, -0.5290409326553345, 0.342891812324524], [-3.6159010886074957e-17, -0.5438897013664244, -0.8391566276550293]], "fy": 1111.1110311937682, "fx": 1111.1110311937682}, {"id": 18, "img_name": "r_018", "width": 800, "height": 800, "position": [-0.4761264026165008, -1.1050107479095463, 3.84736967086792], "rotation": [[0.9183757901191711, -0.3776707947254181, 0.11811243742704391], [-0.39570921659469604, -0.876511573791504, 0.27411946654319774], [2.6490338348641282e-17, -0.2984830141067505, -0.9544150233268739]], "fy": 1111.1110311937682, "fx": 1111.1110311937682}, {"id": 19, "img_name": "r_019", "width": 800, "height": 800, "position": [-1.162798881530762, -3.46034026145935, 1.7099546194076538], "rotation": [[0.9479119181632996, -0.1351175457239151, 0.2884548902511597], [-0.3185325264930725, -0.402092456817627, 0.8584047555923464], [-7.450579693761443e-09, -0.9055744409561158, -0.42418754100799566]], "fy": 1111.1110311937682, "fx": 1111.1110311937682}, {"id": 20, "img_name": "r_020", "width": 800, "height": 800, "position": [-3.3580927848815922, 0.6646243929862975, 2.1287288665771484], "rotation": [[-0.19415117800235743, -0.518024206161499, 0.8330402970314025], [-0.9809716343879696, 0.10252591222524642, -0.1648730188608169], [1.1560756566489901e-17, -0.8491991758346557, -0.5280726552009583]], "fy": 1111.1110311937682, "fx": 1111.1110311937682}, {"id": 21, "img_name": "r_021", "width": 800, "height": 800, "position": [-3.40440583229065, 0.5950866341590881, 2.075064420700073], "rotation": [[-0.17218819260597226, -0.5070717334747313, 0.8445291519165038], [-0.9850641489028931, 0.0886356234550476, -0.14762282371520996], [-0.0, -0.8573341369628905, -0.5147601366043091]], "fy": 1111.1110311937682, "fx": 1111.1110311937682}, {"id": 22, "img_name": "r_022", "width": 800, "height": 800, "position": [0.8787662982940674, 1.9595649242401119, 3.411432981491089], "rotation": [[-0.9124501943588256, 0.3462845087051392, -0.2179950922727585], [0.4091880619525909, 0.7721813321113586, -0.4861082136631011], [2.3488776184010934e-17, -0.5327504873275757, -0.846272349357605]], "fy": 1111.1110311937682, "fx": 1111.1110311937682}, {"id": 23, "img_name": "r_023", "width": 800, "height": 800, "position": [-3.1882555484771737, -0.503107488155365, 2.4149348735809326], "rotation": [[0.15587148070335385, -0.5917493700981139, 0.7909088730812073], [-0.987777292728424, -0.09337819367647168, 0.12480560690164563], [-2.1952130983543986e-17, -0.800695538520813, -0.5990716218948364]], "fy": 1111.1110311937682, "fx": 1111.1110311937682}, {"id": 24, "img_name": "r_024", "width": 800, "height": 800, "position": [2.331071615219116, 1.887820839881897, 2.6929979324340825], "rotation": [[-0.6293517947196959, 0.519155740737915, -0.5782676935195922], [0.7771204113960266, 0.4204388558864594, -0.4683107137680053], [-8.261345268631687e-17, -0.7441158294677735, -0.6680505275726318]], "fy": 1111.1110311937682, "fx": 1111.1110311937682}, {"id": 25, "img_name": "r_025", "width": 800, "height": 800, "position": [2.0950233936309814, 2.039257049560547, 2.7753031253814684], "rotation": [[-0.6975053548812867, 0.49334204196929926, -0.5197113156318668], [0.716579496860504, 0.4802100956439971, -0.505877435207367], [1.4901161156012092e-08, -0.7252666950225828, -0.688467979431152]], "fy": 1111.1110311937682, "fx": 1111.1110311937682}, {"id": 26, "img_name": "r_026", "width": 800, "height": 800, "position": [1.0042221546173096, -3.8030858039855953, 0.8820859193801881], "rotation": [[0.9668608307838442, 0.05586526542901992, -0.24911685287952423], [0.2553040087223053, -0.2115671336650848, 0.9434294700622559], [-6.770733875639486e-18, -0.975765585899353, -0.21881857514381411]], "fy": 1111.1110311937682, "fx": 1111.1110311937682}, {"id": 27, "img_name": "r_027", "width": 800, "height": 800, "position": [0.443772792816162, -1.5270916223525999, 3.7041945457458487], "rotation": [[0.960274875164032, 0.25642371177673334, -0.11008647829294203], [0.27905586361885076, -0.8823941946029662, 0.3788248002529144], [-7.450580556807376e-09, -0.3944961428642273, -0.9188975691795348]], "fy": 1111.1110311937682, "fx": 1111.1110311937682}, {"id": 28, "img_name": "r_028", "width": 800, "height": 800, "position": [3.617947101593018, 1.227057218551636, 1.2863858938217165], "rotation": [[-0.3211882710456848, 0.30220493674278265, -0.8975021243095399], [0.947015404701233, 0.10249536484479906, -0.30439540743827825], [1.4901162942353612e-08, -0.9477165937423706, -0.3191130161285401]], "fy": 1111.1110311937682, "fx": 1111.1110311937682}, {"id": 29, "img_name": "r_029", "width": 800, "height": 800, "position": [2.6163651943206787, -2.0275464057922363, 2.3008017539978027], "rotation": [[0.6125458478927612, 0.45114770531654363, -0.6490403413772583], [0.7904350757598878, -0.34961590170860296, 0.5029723644256592], [-0.0, -0.8211178183555604, -0.5707586407661438]], "fy": 1111.1110311937682, "fx": 1111.1110311937682}, {"id": 30, "img_name": "r_030", "width": 800, "height": 800, "position": [-3.8272397518157955, -0.2147393673658371, 1.2474465370178223], "rotation": [[0.056020040065050125, -0.3089674413204193, 0.9494213461875916], [-0.9984295368194581, -0.017335591837763786, 0.05327028036117554], [-0.0, -0.9509145617485046, -0.30945339798927307]], "fy": 1111.1110311937682, "fx": 1111.1110311937682}, {"id": 31, "img_name": "r_031", "width": 800, "height": 800, "position": [-2.966670036315918, 1.471673130989075, 2.298488140106201], "rotation": [[-0.44439420104026794, -0.5107893347740172, 0.7359402775764468], [-0.8958314061164856, 0.25338676571846, -0.3650771677494049], [4.0852892942271444e-17, -0.8215165138244628, -0.5701847076416016]], "fy": 1111.1110311937682, "fx": 1111.1110311937682}, {"id": 32, "img_name": "r_032", "width": 800, "height": 800, "position": [1.4319983720779417, -3.549845218658446, 1.2641119956970215], "rotation": [[0.9273862838745117, 0.11731475591659543, -0.3552350699901581], [0.37410521507263184, -0.2908168137073517, 0.8806082010269166], [7.450580595649658e-09, -0.9495592713356019, -0.31358757615089417]], "fy": 1111.1110311937682, "fx": 1111.1110311937682}, {"id": 33, "img_name": "r_033", "width": 800, "height": 800, "position": [-0.3684125244617462, 0.34752130508422846, 3.9991874694824214], "rotation": [[-0.6861810088157655, -0.7216668725013733, 0.09139189124107364], [-0.7274307608604431, 0.6807439923286437, -0.08620941638946532], [-1.0015138138038539e-17, -0.12563668191432953, -0.9920762181282042]], "fy": 1111.1110311937682, "fx": 1111.1110311937682}, {"id": 34, "img_name": "r_034", "width": 800, "height": 800, "position": [-0.10980798304080963, 3.905359506607056, 0.9930304288864136], "rotation": [[-0.9996050000190736, -0.006923683453351261, 0.027240008115768433], [-0.028106145560741428, 0.24624322354793546, -0.9688004255294799], [-0.0, -0.969183385372162, -0.24634052813053134]], "fy": 1111.1110311937682, "fx": 1111.1110311937682}, {"id": 35, "img_name": "r_035", "width": 800, "height": 800, "position": [-1.7578096389770506, 0.9963809251785278, 3.488169908523559], "rotation": [[-0.49312072992324824, -0.7527844905853273, 0.4360589385032652], [-0.869960844516754, 0.42670154571533214, -0.24717171490192416], [-0.0, -0.5012397170066832, -0.8653085231781005]], "fy": 1111.1110311937682, "fx": 1111.1110311937682}, {"id": 36, "img_name": "r_036", "width": 800, "height": 800, "position": [-0.19330456852912906, 1.8906235694885252, 3.5550212860107426], "rotation": [[-0.9948137402534485, -0.0897003933787346, 0.04795296117663385], [-0.10171356052160266, 0.8773185014724733, -0.4690059721469879], [-0.0, -0.4714510142803192, -0.8818922042846679]], "fy": 1111.1110311937682, "fx": 1111.1110311937682}, {"id": 37, "img_name": "r_037", "width": 800, "height": 800, "position": [2.0621836185455327, 0.2187435328960419, 3.4568121433258048], "rotation": [[-0.10548198968172076, 0.8527455925941467, -0.5115647912025453], [0.9944213032722474, 0.09045391529798509, -0.05426359176635742], [5.917111410956401e-18, -0.5144346952438356, -0.8575295209884642]], "fy": 1111.1110311937682, "fx": 1111.1110311937682}, {"id": 38, "img_name": "r_038", "width": 800, "height": 800, "position": [-2.0755515098571777, -0.5833908915519714, 3.406132936477661], "rotation": [[0.270591676235199, -0.8134358525276183, 0.5148809552192689], [-0.9626942276954653, -0.22863851487636563, 0.14472146332263947], [-7.4505801378061395e-09, -0.534833312034607, -0.8449575901031496]], "fy": 1111.1110311937682, "fx": 1111.1110311937682}, {"id": 39, "img_name": "r_039", "width": 800, "height": 800, "position": [-1.4470262527465818, -1.076284170150757, 3.605236291885375], "rotation": [[0.5968063473701477, -0.7176124453544617, 0.3589630424976348], [-0.8023852705955504, -0.5337531566619874, 0.26699322462081915], [1.4901160321661316e-08, -0.4473698437213897, -0.8943490386009216]], "fy": 1111.1110311937682, "fx": 1111.1110311937682}, {"id": 40, "img_name": "r_040", "width": 800, "height": 800, "position": [3.401951313018799, 1.4138562679290767, 1.6363794803619385], "rotation": [[-0.3837771415710449, 0.3748514950275421, -0.8439201712608337], [0.9234256744384767, 0.15578886866569516, -0.350734531879425], [-0.0, -0.9139015674591064, -0.40593576431274414]], "fy": 1111.1110311937682, "fx": 1111.1110311937682}, {"id": 41, "img_name": "r_041", "width": 800, "height": 800, "position": [-1.944983124732971, 3.2093858718872075, 1.4720335006713865], "rotation": [[-0.8552094101905823, -0.18925942480564115, 0.48249092698097223], [-0.5182823538780212, 0.31229397654533386, -0.7961506247520448], [-0.0, -0.9309422373771666, -0.36516657471656794]], "fy": 1111.1110311937682, "fx": 1111.1110311937682}, {"id": 42, "img_name": "r_042", "width": 800, "height": 800, "position": [2.096365690231324, 2.0515329837799072, 2.7652237415313707], "rotation": [[-0.6994231343269349, 0.4902663826942445, -0.5200443267822267], [0.7147077918052672, 0.47978159785270696, -0.5089226961135864], [-0.0, -0.7276320457458496, -0.6859675645828248]], "fy": 1111.1110311937682, "fx": 1111.1110311937682}, {"id": 43, "img_name": "r_043", "width": 800, "height": 800, "position": [-0.705981194972992, -2.4688656330108634, 3.1074576377868657], "rotation": [[0.9614630937576294, -0.21193706989288333, 0.17513237893581396], [-0.27493390440940857, -0.7411587238311766, 0.6124501824378966], [-1.4901159373015396e-08, -0.6369981169700623, -0.7708653807640077]], "fy": 1111.1110311937682, "fx": 1111.1110311937682}, {"id": 44, "img_name": "r_044", "width": 800, "height": 800, "position": [3.6907944679260245, 1.398357629776001, 0.8201417922973634], "rotation": [[-0.35430005192756653, 0.1902545690536499, -0.9155734181404114], [0.9351317882537842, 0.07208310067653656, -0.3468898236751556], [1.2706132896278035e-17, -0.9790848493576051, -0.20345214009284973]], "fy": 1111.1110311937682, "fx": 1111.1110311937682}, {"id": 45, "img_name": "r_045", "width": 800, "height": 800, "position": [-1.0632555484771729, -3.1249856948852535, 2.313860654830933], "rotation": [[0.9467024803161621, -0.18489009141921994, 0.26376125216484064], [-0.322109192609787, -0.5434055328369142, 0.775213599205017], [1.4901160305186046e-08, -0.8188564777374269, -0.5739982724189759]], "fy": 1111.1110311937682, "fx": 1111.1110311937682}, {"id": 46, "img_name": "r_046", "width": 800, "height": 800, "position": [0.7748982310295107, 2.4914369583129887, 3.0728282928466797], "rotation": [[-0.954880177974701, 0.2263889610767365, -0.19222858548164368], [0.29699122905731196, 0.7278811335563659, -0.6180494427680969], [6.347213266109274e-17, -0.6472533345222473, -0.7622748613357545]], "fy": 1111.1110311937682, "fx": 1111.1110311937682}, {"id": 47, "img_name": "r_047", "width": 800, "height": 800, "position": [3.6764214038848873, -1.5486023426055908, 0.5794450640678407], "rotation": [[0.388192355632782, 0.1324700862169266, -0.9120078682899474], [0.9215784668922423, -0.05579978227615357, 0.384160965681076], [-7.450581478322636e-09, -0.9896150827407839, -0.14374262094497683]], "fy": 1111.1110311937682, "fx": 1111.1110311937682}, {"id": 48, "img_name": "r_048", "width": 800, "height": 800, "position": [0.4216213226318359, 3.4290287494659433, 2.077016353607177], "rotation": [[-0.9925255775451659, 0.06287911534309386, -0.10459137707948685], [0.12203745543956755, 0.5113931894302367, -0.8506373167037964], [-3.725290304996893e-09, -0.8570432662963868, -0.5152443647384644]], "fy": 1111.1110311937682, "fx": 1111.1110311937682}, {"id": 49, "img_name": "r_049", "width": 800, "height": 800, "position": [-3.247071027755737, 2.1402804851531987, 1.0610040426254272], "rotation": [[-0.5503430366516112, -0.21975812315940854, 0.8054991960525514], [-0.8349387049674987, 0.1448517739772797, -0.5309382081031799], [-0.0, -0.9647405743598938, -0.2632026970386505]], "fy": 1111.1110311937682, "fx": 1111.1110311937682}, {"id": 50, "img_name": "r_050", "width": 800, "height": 800, "position": [-3.597414016723633, 1.2404320240020752, 1.3303908109664917], "rotation": [[-0.325977623462677, -0.3120023012161255, 0.8924086689949036], [-0.9453774690628051, 0.10758218914270401, -0.3077133595943451], [-7.450580140794935e-09, -0.9439706206321716, -0.33002936840057373]], "fy": 1111.1110311937682, "fx": 1111.1110311937682}, {"id": 51, "img_name": "r_051", "width": 800, "height": 800, "position": [0.9783158302307128, 2.236541748046875, 3.207924365997314], "rotation": [[-0.9161831140518188, 0.31892004609107977, -0.24269028007984159], [0.4007599949836731, 0.7290876507759095, -0.5548177361488342], [-1.4901161233236333e-08, -0.6055751442909241, -0.7957881093025206]], "fy": 1111.1110311937682, "fx": 1111.1110311937682}, {"id": 52, "img_name": "r_052", "width": 800, "height": 800, "position": [-0.5989687442779541, -2.9727401733398446, 2.6559464931488037], "rotation": [[0.9802992939949037, -0.13013634085655215, 0.14858585596084592], [-0.19751763343811038, -0.645879328250885, 0.7374460697174071], [-0.0, -0.7522661685943604, -0.6588592529296875]], "fy": 1111.1110311937682, "fx": 1111.1110311937682}, {"id": 53, "img_name": "r_053", "width": 800, "height": 800, "position": [-2.531425952911377, 0.5858543515205383, 3.0819888114929204], "rotation": [[-0.2254730314016342, -0.7448598742485047, 0.6279695630073547], [-0.9742494225502013, 0.17238481342792508, -0.14533258974552152], [-7.450580210767519e-09, -0.6445674896240234, -0.7645474076271055]], "fy": 1111.1110311937682, "fx": 1111.1110311937682}, {"id": 54, "img_name": "r_054", "width": 800, "height": 800, "position": [0.1451569944620133, -0.9372173547744751, 3.917978286743165], "rotation": [[0.9882174730300902, 0.14875978231430056, -0.03600901737809182], [0.15305592119693753, -0.9604790806770322, 0.2324950098991394], [-6.744124716104574e-18, -0.23526687920093536, -0.9719308018684387]], "fy": 1111.1110311937682, "fx": 1111.1110311937682}, {"id": 55, "img_name": "r_055", "width": 800, "height": 800, "position": [0.7495374083518982, 3.880695581436157, 0.7927138805389404], "rotation": [[-0.9818536043167114, 0.03729239851236343, -0.18593734502792356], [0.18964022397994995, 0.19307968020439148, -0.962682068347931], [-6.803406269064412e-18, -0.9804741740226747, -0.1966481059789658]], "fy": 1111.1110311937682, "fx": 1111.1110311937682}, {"id": 56, "img_name": "r_056", "width": 800, "height": 800, "position": [-3.5050566196441646, -0.6421065330505373, 1.8847484588623051], "rotation": [[0.1801955848932266, -0.4598951935768129, 0.869497537612915], [-0.9836308360099794, -0.08425018936395647, 0.15928702056407928], [-7.450580162785064e-09, -0.8839674592018129, -0.4675485491752625]], "fy": 1111.1110311937682, "fx": 1111.1110311937682}, {"id": 57, "img_name": "r_057", "width": 800, "height": 800, "position": [3.563153743743897, 1.0481722354888916, 1.5669300556182868], "rotation": [[-0.2822123169898987, 0.3729073405265809, -0.8839096426963806], [0.9593519568443297, 0.10969806462526324, -0.2600195109844208], [-7.450580609650177e-09, -0.9213611483573915, -0.38870748877525335]], "fy": 1111.1110311937682, "fx": 1111.1110311937682}, {"id": 58, "img_name": "r_058", "width": 800, "height": 800, "position": [-3.546864509582519, -1.8256570100784304, 0.5802833437919618], "rotation": [[0.4576563835144043, -0.127990648150444, 0.8798688054084779], [-0.8891292810440063, -0.06587988138198854, 0.4528897702693939], [-3.7252907519384575e-09, -0.9895848035812379, -0.14395058155059814]], "fy": 1111.1110311937682, "fx": 1111.1110311937682}, {"id": 59, "img_name": "r_059", "width": 800, "height": 800, "position": [3.1235773563385, 2.460673332214355, 0.662081480026245], "rotation": [[-0.6188214421272278, 0.12901742756366733, -0.7748642563819885], [0.7855316996574402, 0.1016365960240364, -0.6104179620742797], [7.450581497741788e-09, -0.986419975757599, -0.1642422080039978]], "fy": 1111.1110311937682, "fx": 1111.1110311937682}, {"id": 60, "img_name": "r_060", "width": 800, "height": 800, "position": [1.8978750705718994, 1.3649477958679201, 3.284050464630128], "rotation": [[-0.583875834941864, 0.6613863110542296, -0.47080484032630926], [0.8118430972099305, 0.47566768527030945, -0.33860185742378246], [1.4901162988041488e-08, -0.5799210071563721, -0.8146726489067077]], "fy": 1111.1110311937682, "fx": 1111.1110311937682}, {"id": 61, "img_name": "r_061", "width": 800, "height": 800, "position": [-2.4355874061584473, 2.9429776668548584, 1.2871659994125364], "rotation": [[-0.7703917622566223, -0.20358054339885714, 0.6041948795318606], [-0.6375707387924194, 0.24599115550518036, -0.7300629019737244], [-0.0, -0.947651445865631, -0.31930658221244806]], "fy": 1111.1110311937682, "fx": 1111.1110311937682}, {"id": 62, "img_name": "r_062", "width": 800, "height": 800, "position": [-2.8270621299743657, -0.958461344242096, 2.709072113037109], "rotation": [[0.32107987999916077, -0.6364550590515137, 0.7013077735900878], [-0.9470520615577698, -0.21577793359756464, 0.23776499927043918], [1.9465197858694734e-17, -0.7405164837837219, -0.6720380783081054]], "fy": 1111.1110311937682, "fx": 1111.1110311937682}, {"id": 63, "img_name": "r_063", "width": 800, "height": 800, "position": [0.5068649649620055, -3.6204407215118404, 1.6986749172210691], "rotation": [[0.9903416037559508, 0.05842509865760802, -0.125737726688385], [0.13864871859550476, -0.41731941699981684, 0.8981208205223083], [6.2927425955920426e-18, -0.9068797826766967, -0.4213893711566925]], "fy": 1111.1110311937682, "fx": 1111.1110311937682}, {"id": 64, "img_name": "r_064", "width": 800, "height": 800, "position": [-1.147550344467163, 1.831333041191101, 3.4028441905975346], "rotation": [[-0.8473807573318481, -0.448227345943451, 0.284672200679779], [-0.5309859514236451, 0.7153093814849854, -0.4542978107929229], [1.490116302369936e-08, -0.5361201167106628, -0.8441417217254638]], "fy": 1111.1110311937682, "fx": 1111.1110311937682}, {"id": 65, "img_name": "r_065", "width": 800, "height": 800, "position": [0.30135488510131836, -0.09235650300979614, 4.018787860870362], "rotation": [[0.2930188179016112, 0.9531794786453247, -0.07475694268941879], [0.9561066031455994, -0.29212176799774164, 0.0229108277708292], [3.3070057395333666e-18, -0.07818919420242308, -0.9969385266304016]], "fy": 1111.1110311937682, "fx": 1111.1110311937682}, {"id": 66, "img_name": "r_066", "width": 800, "height": 800, "position": [0.8255153894424437, 1.37666130065918, 3.6977465152740483], "rotation": [[-0.8576252460479735, 0.4717435836791993, -0.20478516817092898], [0.5142751336097717, 0.7866978645324708, -0.34150764346122753], [1.4901160299737258e-08, -0.3982015550136566, -0.9172980189323425]], "fy": 1111.1110311937682, "fx": 1111.1110311937682}, {"id": 67, "img_name": "r_067", "width": 800, "height": 800, "position": [-2.480106353759766, 2.948707103729249, 1.1849894523620603], "rotation": [[-0.7652965188026428, -0.18921531736850733, 0.6152386665344238], [-0.6436777114868164, 0.22496637701988226, -0.7314841747283936], [-1.490115940112382e-08, -0.9558178186416625, -0.2939597070217132]], "fy": 1111.1110311937682, "fx": 1111.1110311937682}, {"id": 68, "img_name": "r_068", "width": 800, "height": 800, "position": [0.4589172303676605, -1.2543730735778809, 3.8034119606018075], "rotation": [[0.9391227364540099, 0.32417288422584534, -0.11384335160255434], [0.34358167648315435, -0.8860719799995422, 0.3111716508865357], [7.450580592510337e-09, -0.3313428461551667, -0.943510353565216]], "fy": 1111.1110311937682, "fx": 1111.1110311937682}, {"id": 69, "img_name": "r_069", "width": 800, "height": 800, "position": [-0.2682983875274658, 0.5043504238128662, 3.9904444217681885], "rotation": [[-0.8828528523445128, -0.4649097025394439, 0.06655663996934891], [-0.4696496129035949, 0.8739426732063291, -0.12511393427848816], [-3.725290080667678e-09, -0.14171567559242246, -0.9899073839187623]], "fy": 1111.1110311937682, "fx": 1111.1110311937682}, {"id": 70, "img_name": "r_070", "width": 800, "height": 800, "position": [-0.030086368322372433, -0.002531882375478745, 4.031015872955322], "rotation": [[0.08385739475488664, -0.9964497685432433, 0.0074635092169046385], [-0.9964778423309326, -0.083855040371418, 0.0006280827219597995], [-5.820766788797577e-11, -0.007488489616662263, -0.9999719262123107]], "fy": 1111.1110311937682, "fx": 1111.1110311937682}, {"id": 71, "img_name": "r_071", "width": 800, "height": 800, "position": [0.05773369967937469, 3.7950093746185303, 1.3581497669219977], "rotation": [[-0.9998843073844909, 0.005124922841787337, -0.014321967028081417], [0.015211299061775206, 0.33687651157379156, -0.9414258599281311], [-4.656612873583772e-10, -0.9415348768234254, -0.3369154632091523]], "fy": 1111.1110311937682, "fx": 1111.1110311937682}, {"id": 72, "img_name": "r_072", "width": 800, "height": 800, "position": [2.7940683364868164, 2.7952804565429688, 0.7934667468070986], "rotation": [[-0.7072600722312927, 0.13915309309959412, -0.6931230425834655], [0.7069534063339236, 0.13921345770359042, -0.6934237480163575], [-7.4505801207706724e-09, -0.9804366827011108, -0.1968348771333695]], "fy": 1111.1110311937682, "fx": 1111.1110311937682}, {"id": 73, "img_name": "r_073", "width": 800, "height": 800, "position": [-1.3074027299880981, 3.3903126716613756, 1.7454164028167725], "rotation": [[-0.9330283999443055, -0.1557890176773071, 0.3243266940116883], [-0.35980272293090826, 0.40398681163787836, -0.8410330414772033], [-0.0, -0.9014013409614563, -0.43298450112342834]], "fy": 1111.1110311937682, "fx": 1111.1110311937682}, {"id": 74, "img_name": "r_074", "width": 800, "height": 800, "position": [3.113068819046021, -1.5637544393539426, 2.0281703472137456], "rotation": [[0.44887080788612366, 0.4495927095413208, -0.7722573280334474], [0.8935966491699219, -0.22583907842636114, 0.38791972398757935], [-1.4901161219631872e-08, -0.8642123341560364, -0.5031271576881409]], "fy": 1111.1110311937682, "fx": 1111.1110311937682}, {"id": 75, "img_name": "r_075", "width": 800, "height": 800, "position": [1.3528562784194946, -1.275592088699341, 3.5766808986663823], "rotation": [[0.686024844646454, 0.6455548405647277, -0.335602343082428], [0.7275781631469727, -0.6086859703063965, 0.31643545627593994], [-0.0, -0.4612593352794647, -0.8872653245925902]], "fy": 1111.1110311937682, "fx": 1111.1110311937682}, {"id": 76, "img_name": "r_076", "width": 800, "height": 800, "position": [-0.7296578884124755, -1.5511083602905273, 3.648515224456787], "rotation": [[0.9048805832862855, -0.3852635025978089, 0.1810058206319809], [-0.4256654679775238, -0.8189939856529237, 0.3847825825214386], [-0.0, -0.42523020505905146, -0.9050851464271545]], "fy": 1111.1110311937682, "fx": 1111.1110311937682}, {"id": 77, "img_name": "r_077", "width": 800, "height": 800, "position": [0.8119240999221801, -0.28298008441925054, 3.9383628368377677], "rotation": [[0.32911363244056707, 0.9225598573684691, -0.2014135718345642], [0.9442902803421022, -0.32153996825218206, 0.0701987147331238], [7.450580606500785e-09, -0.21329616010189056, -0.9769875407218933]], "fy": 1111.1110311937682, "fx": 1111.1110311937682}, {"id": 78, "img_name": "r_078", "width": 800, "height": 800, "position": [-3.4793558120727535, -0.49613693356513994, 1.9743179082870483], "rotation": [[0.14116650819778442, -0.4848633706569672, 0.8631218671798705], [-0.9899858832359313, -0.06913883984088898, 0.12307641655206683], [-0.0, -0.8718527555465697, -0.48976796865463257]], "fy": 1111.1110311937682, "fx": 1111.1110311937682}, {"id": 79, "img_name": "r_079", "width": 800, "height": 800, "position": [0.9517654180526736, 1.111540675163269, 3.7561442852020264], "rotation": [[-0.7595887184143065, 0.6060362458229066, -0.2361039370298386], [0.6504036784172058, 0.7077731490135193, -0.275739312171936], [1.490116116933512e-08, -0.3630113005638123, -0.931784689426422]], "fy": 1111.1110311937682, "fx": 1111.1110311937682}, {"id": 80, "img_name": "r_080", "width": 800, "height": 800, "position": [0.37276035547256464, 3.8080184459686275, 1.2688755989074705], "rotation": [[-0.9952431321144104, 0.030665652826428413, -0.09247045964002609], [0.09742263704538345, 0.3132719695568085, -0.9446530938148499], [-3.2930885298397053e-18, -0.9491681456565857, -0.31476929783821106]], "fy": 1111.1110311937682, "fx": 1111.1110311937682}, {"id": 81, "img_name": "r_081", "width": 800, "height": 800, "position": [-2.3214855194091797, 3.184268474578857, 0.8491992950439454], "rotation": [[-0.808053195476532, -0.12410207837820056, 0.5758896470069885], [-0.5891097187995911, 0.17022478580474856, -0.7899197936058046], [-7.450581502088395e-09, -0.977559268474579, -0.21066041290760043]], "fy": 1111.1110311937682, "fx": 1111.1110311937682}, {"id": 82, "img_name": "r_082", "width": 800, "height": 800, "position": [-3.8013203144073486, -0.2982437312602997, 1.3080575466156008], "rotation": [[0.07821754366159439, -0.3234950602054596, 0.9429914951324464], [-0.9969362616539003, -0.02538075111806393, 0.07398515939712524], [-1.8626450423968605e-09, -0.9458894133567811, -0.3244891464710236]], "fy": 1111.1110311937682, "fx": 1111.1110311937682}, {"id": 83, "img_name": "r_083", "width": 800, "height": 800, "position": [-3.175562858581543, -1.4525767564773562, 2.0139069557189937], "rotation": [[0.41597074270248424, -0.4543150663375853, 0.7877601981163025], [-0.909377932548523, -0.20781433582305905, 0.36033993959426885], [-0.0, -0.8662626743316648, -0.4995888173580169]], "fy": 1111.1110311937682, "fx": 1111.1110311937682}, {"id": 84, "img_name": "r_084", "width": 800, "height": 800, "position": [-0.9866252541542055, 1.3579130172729494, 3.6650571823120126], "rotation": [[-0.8090046644210817, -0.5344231724739075, 0.24475160241127017], [-0.587802290916443, 0.735537827014923, -0.33685675263404846], [-0.0, -0.4163842499256135, -0.9091887474060059]], "fy": 1111.1110311937682, "fx": 1111.1110311937682}, {"id": 85, "img_name": "r_085", "width": 800, "height": 800, "position": [-0.26459705829620356, -1.1780292987823486, 3.8460674285888663], "rotation": [[0.975691258907318, -0.20908914506435397, 0.06563845276832582], [-0.21914994716644284, -0.9308989644050598, 0.29223310947418224], [-3.725290738051649e-09, -0.2995139956474305, -0.9540919065475463]], "fy": 1111.1110311937682, "fx": 1111.1110311937682}, {"id": 86, "img_name": "r_086", "width": 800, "height": 800, "position": [2.913666248321533, -1.0754626989364626, 2.56981110572815], "rotation": [[0.34627419710159313, 0.5980521440505983, -0.7227916121482848], [0.9381332993507386, -0.22074691951274877, 0.2667894661426544], [-2.0061494320749846e-17, -0.770457148551941, -0.6374916434288026]], "fy": 1111.1110311937682, "fx": 1111.1110311937682}, {"id": 87, "img_name": "r_087", "width": 800, "height": 800, "position": [-0.5861091613769531, 0.5667423009872439, 3.9478197097778325], "rotation": [[-0.6951298713684081, -0.7040273547172545, 0.14539578557014468], [-0.7188840508460997, 0.6807640790939332, -0.14059145748615268], [7.4505801550089775e-09, -0.2022517770528794, -0.9793335199356079]], "fy": 1111.1110311937682, "fx": 1111.1110311937682}, {"id": 88, "img_name": "r_088", "width": 800, "height": 800, "position": [2.4341931343078613, 0.844316303730011, 3.1002955436706543], "rotation": [[-0.3277035057544708, 0.7266200184822083, -0.6038489937782289], [0.9447804689407349, 0.25203305482864374, -0.20944909751415253], [-0.0, -0.6391420364379883, -0.769088685512543]], "fy": 1111.1110311937682, "fx": 1111.1110311937682}, {"id": 89, "img_name": "r_089", "width": 800, "height": 800, "position": [-2.3368418216705322, 1.0152267217636113, 3.1238572597503667], "rotation": [[-0.3984648287296294, -0.7107564210891724, 0.5796990394592286], [-0.9171835184097289, 0.3087838292121887, -0.251846730709076], [3.945489766214029e-17, -0.6320425271987915, -0.7749335169792176]], "fy": 1111.1110311937682, "fx": 1111.1110311937682}, {"id": 90, "img_name": "r_090", "width": 800, "height": 800, "position": [-0.778542697429657, 1.805136442184448, 3.5192830562591544], "rotation": [[-0.9182378053665161, -0.34574434161186224, 0.19313266873359683], [-0.39602953195571905, 0.8016461133956908, -0.4477992355823517], [-4.846271545319143e-17, -0.4876724183559418, -0.8730266690254213]], "fy": 1111.1110311937682, "fx": 1111.1110311937682}, {"id": 91, "img_name": "r_091", "width": 800, "height": 800, "position": [3.3226671218872066, -2.2122955322265625, 0.561811089515686], "rotation": [[0.554211676120758, 0.1160066872835159, -0.8242521882057191], [0.832375705242157, -0.07723948359489441, 0.54880291223526], [-1.1438797076841859e-17, -0.9902405738830565, -0.13936816155910492]], "fy": 1111.1110311937682, "fx": 1111.1110311937682}, {"id": 92, "img_name": "r_092", "width": 800, "height": 800, "position": [-0.7319670319557189, -3.645394802093505, 1.5573441982269287], "rotation": [[0.980431079864502, -0.07605397701263425, 0.18157866597175595], [-0.19686298072338101, -0.37876948714256287, 0.9043111205101012], [-0.0, -0.9223608374595642, -0.3863295316696167]], "fy": 1111.1110311937682, "fx": 1111.1110311937682}, {"id": 93, "img_name": "r_093", "width": 800, "height": 800, "position": [-0.9917740225791929, 3.4248406887054434, 1.880651473999024], "rotation": [[-0.9605363607406616, -0.12976804375648499, 0.24602885544300077], [-0.27815455198287964, 0.4481211602687836, -0.8495984077453612], [-7.450580585139816e-09, -0.8845041394233705, -0.466532200574875]], "fy": 1111.1110311937682, "fx": 1111.1110311937682}, {"id": 94, "img_name": "r_094", "width": 800, "height": 800, "position": [-1.6238564252853391, 0.6364955306053162, 3.6342763900756836], "rotation": [[-0.3649329841136932, -0.8393763303756713, 0.40282917022705067], [-0.9310337901115417, 0.32900643348693853, -0.15789508819580078], [1.4901160300500926e-08, -0.4326687157154084, -0.9015529155731202]], "fy": 1111.1110311937682, "fx": 1111.1110311937682}, {"id": 95, "img_name": "r_095", "width": 800, "height": 800, "position": [-3.7046771049499503, -0.6932999491691589, 1.4299310445785522], "rotation": [[0.18394839763641357, -0.3486692607402801, 0.919017255306244], [-0.9829358458518983, -0.06525059789419174, 0.17198655009269714], [3.725290064867997e-09, -0.934971749782562, -0.35472223162651056]], "fy": 1111.1110311937682, "fx": 1111.1110311937682}, {"id": 96, "img_name": "r_096", "width": 800, "height": 800, "position": [1.1705764532089236, 3.8100152015686026, 0.602938234806061], "rotation": [[-0.9559012651443483, 0.04392708092927934, -0.2903842628002168], [0.2936879098415374, 0.14297471940517426, -0.9451484084129333], [-3.725289851444918e-09, -0.9887511134147645, -0.14957056939601904]], "fy": 1111.1110311937682, "fx": 1111.1110311937682}, {"id": 97, "img_name": "r_097", "width": 800, "height": 800, "position": [-0.8346734046936035, -3.7473356723785405, 1.22914457321167], "rotation": [[0.9760802984237671, -0.0662911832332611, 0.20705698430538177], [-0.21740999817848206, -0.29761976003646845, 0.9295995831489564], [-7.450579713498597e-09, -0.9523801207542418, -0.3049132227897644]], "fy": 1111.1110311937682, "fx": 1111.1110311937682}, {"id": 98, "img_name": "r_098", "width": 800, "height": 800, "position": [-0.39670035243034374, 0.18796814978122717, 4.007155418395997], "rotation": [[-0.42819321155548096, -0.8983128666877748, 0.09840925782918931], [-0.9036872386932373, 0.4256466925144195, -0.04662916436791421], [3.7252902914120713e-09, -0.10889729112386703, -0.9940530061721803]], "fy": 1111.1110311937682, "fx": 1111.1110311937682}, {"id": 99, "img_name": "r_099", "width": 800, "height": 800, "position": [3.158338069915771, 0.7746342420578003, 2.3821928501129146], "rotation": [[-0.23820631206035608, 0.5739385485649107, -0.7834872603416444], [0.9712146520614623, 0.14076782763004303, -0.1921630948781967], [-7.450581504123465e-09, -0.8067085742950438, -0.5909492969512938]], "fy": 1111.1110311937682, "fx": 1111.1110311937682}, {"id": 100, "img_name": "r_100", "width": 800, "height": 800, "position": [-0.8392263054847717, 1.4605407714843748, 3.6623106002807613], "rotation": [[-0.8670562505722047, -0.45262771844863886, 0.20818644762039182], [-0.49821025133132923, 0.7877270579338074, -0.36231562495231623], [-1.4901160303420816e-08, -0.4178686141967773, -0.9085075259208677]], "fy": 1111.1110311937682, "fx": 1111.1110311937682}, {"id": 101, "img_name": "r_101", "width": 800, "height": 800, "position": [-0.34411254525184626, 2.1627283096313477, 3.3